primes: [7, 11, 13, 17, 19, 23, 29, 31, 37, 41, 43, 47, 53, 59, 61, 67, 71, 73, 79, 83, 89, 97, 101, 103, 107, 109, 113, 127, 131, 139, 149, 151, 157, 163, 167, 173, 179, 181, 191, 193, 197, 199, 211, 223, 227, 229, 233, 239, 241, 251, 257, 269, 271, 277, 281, 283, 293, 3301]
a = 6241400443298839837854105159424889853746847172164800910428762131678233834427103710072602492093259564193437804385209097
ap = 6046191046582015972998150740881239532301559880841543034317540567902031001933144639269971470174283520525305173872825070
cofactor = 201539701552733865766605024696041317743385329361384767810584685596734366731104821308999049005809450684176839129094169
r = 11176620300777727797432479008188337835500796440434575674647809040248238584372539285472219175635228928818393583187691/11165295962967513126751529802191216196327096909060466744953062847367144605415212361489449896410124443995416465805383
primes: [7, 11, 13, 17, 19, 23, 29, 31, 37, 41, 43, 47, 53, 59, 61, 67, 71, 73, 79, 83, 89, 97, 101, 103, 107, 109, 113, 127, 131, 137, 139, 149, 151, 157, 163, 167, 173, 179, 181, 191, 193, 197, 199, 211, 223, 227, 233, 239, 241, 251, 257, 263, 269, 3359]
a = 571318022836472824316144844790420676373367463906104096877974030703914743685265462499987985812848869421842669
ap = 547121315316653321046502875825684547401437657151845699305551479653344498029692765579556935889677459017667590
cofactor = 418733986883929724408310542322720801421369827905387454024230413144040263412137258898048611009297223
r = 43599386071613753066259175795352156842416738049576463887502164334306258804026328482262834934473194873271321/43947540218190217255088064983878513567182112608161853605998002361839595668097343269229845062526836109372513
