# D N A B p1..p59   -- prop:tailbound tail search, one immune family per line
198078763231366596912310654732152511504586778637550193828069189714403093839945712695270581570831241843038344912890 396207645189887660411535677525483011183998752217652465452641820181776112361233133791981602840250330839070539573193 792365171652620854236156986989788034193172309492752853108780199610582300041124559182522765981912814525147229398973 50118727154466586914368061177988174825194942552077796503440752969924681341708401440439698587847152993849747413 2 3 5 7 11 13 17 19 23 29 31 37 41 43 47 53 59 61 67 71 73 79 83 89 97 101 103 107 109 113 127 131 137 139 149 151 157 163 167 173 179 181 191 193 197 199 211 223 227 229 233 239 241 251 257 263 269 283 599
213543390407084440090574725808050250578555795619138972141100886945892943220304036454860628899781332281162742943090 427111595054795367869210037384137843300008092533408596577918505791852659024327879119934611933708058142297783849693 854198375868964248050359489000238344457119683771686540860120279683638545464935952029655869733270722704623269735873 24814240626487688060585768037342142896501295130652295716731900066772583719806210213354134145393579972297963513 2 3 5 7 11 13 17 19 23 29 31 37 41 43 47 53 59 61 67 71 73 79 83 89 97 101 103 107 109 113 127 131 137 139 149 151 157 163 167 173 179 181 191 193 197 199 211 223 227 229 233 239 241 251 257 263 271 283 641
204121267857742346197502615063643409425814327241352561039755421330027014224999033187082783584577891414261828434970 408243617298047050057082382425601929386881821172992968934051080427632209852967555621184196876734699388876921011129 816486153013531742452087612552888748238510475655698091013561923087686238302965621995349764045890482217400577881069 1081582562357662077152298315110535253166690287846854540237767578181402969489247018629707578916560353264141189 2 3 5 7 11 13 17 19 23 29 31 37 41 43 47 53 59 61 67 71 73 79 83 89 97 101 103 107 109 113 127 131 137 139 149 151 157 163 167 173 179 181 191 193 197 199 211 223 227 229 233 239 241 251 257 263 271 317 547
161966014126919336140072835611222153974615653114479401203427766539584705611792424634688360564735841234804828998230 323985732160973839833116987203450300504763567710502028265937424665559347779972501477614306091477160010719743221811 647917760414812512113262658425894608453994873939460830672792957744728759003557350746991027220948842480329401218271 53703907135167552971315981005992555532261481543225859081891586389936556387652208237584962005477541110085225351 2 3 5 7 11 13 17 19 23 29 31 37 41 43 47 53 59 61 67 71 73 79 83 89 97 101 103 107 109 113 127 131 137 139 149 151 157 163 167 173 179 181 191 193 197 199 211 223 227 229 233 239 241 251 257 271 307 311 379
133281912731438346523841284117116612393903095582093409372453552528844340422839119097747242045971334474450039341410 266685180255342868239483176545077165893882694807547934705932736753269836783753232385911208740628706324722483060917 533249005718219561287165744779310390681688885971734753450839841810958517629431470581405692832571375273622561743737 121354792466175191800608310843941106076503643361115961025631695581155938074994190416724648686037375822404378097 2 3 5 7 11 13 17 19 23 29 31 37 41 43 47 53 59 61 67 71 73 79 83 89 97 101 103 107 109 113 127 131 137 139 149 151 157 163 167 173 179 181 191 193 197 199 211 223 227 229 233 239 241 251 257 277 283 311 331
170310388649082362362100375765957240471349097622280992940729433453542667210341177921483501147240212903460008093730 340699649551958742515039474842092920565214726720966991880069753807453946457053224342843507729401312007540048053221 681320426850123467239240226374007401507912921965528977761528620714539280877735580185810510023881737814460064240681 78872253794017790838723310178439622516531476405005998610886900368612036370868499876505434920886200620031865761 2 3 5 7 11 13 17 19 23 29 31 37 41 43 47 53 59 61 67 71 73 79 83 89 97 101 103 107 109 113 127 131 137 139 149 151 157 163 167 173 179 181 191 193 197 199 211 223 227 229 233 239 241 251 263 269 271 277 499
181888114897473019814047798656330324039833061771510219610570685254681936812580788043311160938197482668155121432030 363779568093325943409321760976722201152618269029816863259947548578228516698971035168860562203662514110958758665231 727555797888271983037417358289382849232284392572837302481088919087592390324132611255482884080057479447269001529291 3338298379903781226163664061553072952145486796424038806178068864643073809459082238240327267548774648515801171 2 3 5 7 11 13 17 19 23 29 31 37 41 43 47 53 59 61 67 71 73 79 83 89 97 101 103 107 109 113 127 131 137 139 149 151 157 163 167 173 179 181 191 193 197 199 211 223 227 229 233 239 241 251 263 269 307 311 419
177600064112367085867809856683878817457840262305206886719829399647361403598928875675490414939247753849111116055190 355221578840460184437530536710607993345309506372841315897290566114424692017892488513722612368745955245726998876963 710421707065194356173150250078365628260990030983255089336949365409147499215750239864703442247241462943949230987343 21450615726012701910823342850358429628981762427542457631766819701884820034737162741782490250447547504766766583 2 3 5 7 11 13 17 19 23 29 31 37 41 43 47 53 59 61 67 71 73 79 83 89 97 101 103 107 109 113 127 131 137 139 149 151 157 163 167 173 179 181 191 193 197 199 211 223 227 229 233 239 241 251 263 277 283 311 431
168080284555397520738244025146836809718645270979098309082898082757031493129316747062839385575956831145722958974290 336187146682820193967659420844475242177674435910445183503074115349766678622403698121904730217545119841145594859133 672347715793615235444147471138148861614964977868641801668870280863829664881037192247583501369458782132591512807713 26577572025152491171370550801622740383893952248565337277949835703692363770203996225959065631457549699676910553 2 3 5 7 11 13 17 19 23 29 31 37 41 43 47 53 59 61 67 71 73 79 83 89 97 101 103 107 109 113 127 131 137 139 149 151 157 163 167 173 179 181 191 193 197 199 211 223 227 229 233 239 241 251 263 277 307 337 347
140796346517523391155316416904010060396115158625433859631190944578885079685327709924180661305809151099771709930810 281699195725966199987322850362099653692222963317737634382787521076095309156907876038476526283145271224734834206697 563291888761012982297955684170119774484453280568605353645169410233865468527563295886837848894763573424278254068317 106502690919417676690016554079532899992646066869915120405631918325149786252456190115203671526969025191414345077 2 3 5 7 11 13 17 19 23 29 31 37 41 43 47 53 59 61 67 71 73 79 83 89 97 101 103 107 109 113 127 131 137 139 149 151 157 163 167 173 179 181 191 193 197 199 211 223 227 229 233 239 241 251 271 277 281 283 367
184686811713704809383551436462520493325707962910768421359695515114187144741670785909231326130357749228181950463290 369388509016618401190805308641791689584334466937726756702577080099847685959621318080283065750934721874334761668873 738762132444028019957908181566832676235750392759263599421968110328221975442962889898745718011650220330698662595453 14885589208782423702435716750702932918541116189913983186049871473396476279746261820413490219223417970860742293 2 3 5 7 11 13 17 19 23 29 31 37 41 43 47 53 59 61 67 71 73 79 83 89 97 101 103 107 109 113 127 131 137 139 149 151 157 163 167 173 179 181 191 193 197 199 211 223 227 229 233 239 251 257 263 269 281 283 479
162413847457613377176234593635238301740837100320942350540029948731130686477839877753192560064486947091944343683770 324878611203047454119344870051974121831254006743252487562994779951979446688374568591346733892237437824593481077449 649706306118274208471814057322450725312928207385137188643054677414240819644054324097731854021211332008482168444989 50916287820699766875682781497518349579806101367786482934882489718073732694813084961613763263543640704793709909 2 3 5 7 11 13 17 19 23 29 31 37 41 43 47 53 59 61 67 71 73 79 83 89 97 101 103 107 109 113 127 131 137 139 149 151 157 163 167 173 179 181 191 193 197 199 211 223 227 229 233 239 251 257 263 271 283 293 401
168582478272260631344254886983436194909092537668144394620961696934237712641043096157139148271774102475072673399490 337172309006335269582674139045140475816647786218009485582838264609881514311229167600817217850482209338135756322853 674337265550856532271183913012012865634832861554298274824761658478356939593315359915095514394030414288281103121833 7352461814006894164365078268085998462710881720696340914870741406089029142975286538921306934004387990409523873 2 3 5 7 11 13 17 19 23 29 31 37 41 43 47 53 59 61 67 71 73 79 83 89 97 101 103 107 109 113 127 131 137 139 149 151 157 163 167 173 179 181 191 193 197 199 211 223 227 229 233 239 251 257 277 281 307 311 331
135214204151443440501303499754748496565604219174303148729010087543085284571148476574805047763868432361683127190190 270534211571569941651578986869201918059835464150536349107437474196248818829637795723162429887524267440861756200023 540962619874456822654185986378698911191043902499142646565457649282419387971934748872772525415261132164228010580403 105803268683060648971987359704924928627025801930051649417299110078249687340842573552334359787402717495501819643 2 3 5 7 11 13 17 19 23 29 31 37 41 43 47 53 59 61 67 71 73 79 83 89 97 101 103 107 109 113 127 131 137 139 149 151 157 163 167 173 179 181 191 193 197 199 211 223 227 229 233 239 251 263 269 271 277 307 311
150318094139546061048757175529809835202927367571378802700508294970633640877991821223212485527144760239630740544890 300697568181562417951540566537586944305757589683267746412422589693365361494648838804952659955406724404668497360953 601333756460654540049054917597206614711612324826025351813439179634632643250632481251377631009696244883929978450733 61379902470295854026215477967273899902854540510141011405999752098079738665196358527688901117203925407016271173 2 3 5 7 11 13 17 19 23 29 31 37 41 43 47 53 59 61 67 71 73 79 83 89 97 101 103 107 109 113 127 131 137 139 149 151 157 163 167 173 179 181 191 193 197 199 211 223 227 229 233 239 251 263 269 283 293 307 313
160529284314676325854370492355972827314326659681080434033484534798725488741446695575267567515075798393823524480590 321085239272853953512623256150704129427020745326476244671916594203071146700180301804804517563866867723122974634023 642143807902206605221364240862649784055674064688637112738885663800522124183073692955339652594018464510770023595203 26670643501301803882271438758474798367425964315376604947524605620169217286910654269382533715270935475925672843 2 3 5 7 11 13 17 19 23 29 31 37 41 43 47 53 59 61 67 71 73 79 83 89 97 101 103 107 109 113 127 131 137 139 149 151 157 163 167 173 179 181 191 193 197 199 211 223 227 229 233 239 257 269 277 281 283 313 317
168897803053955183163943587074035198814034800976528319174998867629976772558370690938874928483000720389062869844530 337799583948448699969475084543698462719797190587092161955962321361789423529731485153402197143658058646706946270461 675595190056359066297362258691768860347866792540148800305960056621742968646472867031152054109659499424832685959521 3977840538333641587910395628065091727588634035523605964586101835878412990103275652340177656617868581206581401 2 3 5 7 11 13 17 19 23 29 31 37 41 43 47 53 59 61 67 71 73 79 83 89 97 101 103 107 109 113 127 131 137 139 149 151 157 163 167 173 179 181 191 193 197 199 211 223 227 229 233 239 263 269 271 277 281 307 347
168451080041225812281799851848306905510294044670427438488560357197336605110618199077922022435464785780929030427270 336914032973040166901393112748918169488577697907803030989528600868597388230057239109437351827937866444988265208939 673816193055491791464992816445531980509165787248657907966649315263270598451293637265281396698867438006846326063479 11872890588542337793409052304358467989608566948154012407886473924178008820840953593306957008294883130204354399 2 3 5 7 11 13 17 19 23 29 31 37 41 43 47 53 59 61 67 71 73 79 83 89 97 101 103 107 109 113 127 131 137 139 149 151 157 163 167 173 179 181 191 193 197 199 211 223 227 229 233 241 251 257 269 271 313 317 337
163986747062728147918114797126621453400517127496185853412559813401517889931410209858540502028980083438434921448390 327999399293431721900234002410866756496642854487676646663857219687997210900266776028187494433823637477394898338363 655972893418888017736463596664109663297677109480048353488976846491032990763087195745268498491783804354264741235143 25905167975426064004408157623849695608599495304939838737592884961431037446356311106490375863470600525055441583 2 3 5 7 11 13 17 19 23 29 31 37 41 43 47 53 59 61 67 71 73 79 83 89 97 101 103 107 109 113 127 131 137 139 149 151 157 163 167 173 179 181 191 193 197 199 211 223 227 229 233 241 251 257 269 281 293 307 349
163941213723515090561057272087040984645377209318383487772402264839072183151799943571854197353684433469462516908490 327911750718255573296366177614412662591315128850484809923610748057377133998634750774639516752525481383546394861953 655794178165285754418480721788494631882069547487251785468415277735521500302234637918347911459894348322471428678933 29323271225392174251633440330693300560710213717834378806218379232767695034863630931122045156614444621361044973 2 3 5 7 11 13 17 19 23 29 31 37 41 43 47 53 59 61 67 71 73 79 83 89 97 101 103 107 109 113 127 131 137 139 149 151 157 163 167 173 179 181 191 193 197 199 211 223 227 229 233 241 251 263 269 271 283 313 359
153691337669246553201932917194064101531108358693200023418037706284422422743668956174904222343519920994452161565990 307432408650492693416748564075273825416510197791967390340456750290304882973392203109792743713259453499872411253243 614815083988985799820614398463402028478726915178367437176532162859149728460730115459601188400299295488776734385223 49733311999587012882729687145622354293480405567343504381337721460037486054290759984299026219611510968088121263 2 3 5 7 11 13 17 19 23 29 31 37 41 43 47 53 59 61 67 71 73 79 83 89 97 101 103 107 109 113 127 131 137 139 149 151 157 163 167 173 179 181 191 193 197 199 211 223 227 229 233 241 257 263 269 281 283 313 317
163654333442848751002057105582785693062473310605220460710162169669070227400656046437291277225216967702252289922530 327331352427398592347422366917634154460076727276128159493844926532596878845925813467837560377337206686245856524101 654640019313096094351536578083205540585023348486569080914169265870737333647237906342420114827771142090750436369161 22685541701090343308155752062768335130106065687238073520587194456424044613720593255005926903271281741276679041 2 3 5 7 11 13 17 19 23 29 31 37 41 43 47 53 59 61 67 71 73 79 83 89 97 101 103 107 109 113 127 131 137 139 149 151 157 163 167 173 179 181 191 193 197 199 211 223 227 229 233 251 257 263 269 271 283 293 359
163757498996890299944108576178845732350534289687237204936690649497688856841959093841164713379228811765988233426490 327530473454180948609628647311951293951426292506259082479628638396647676832334016743538930390327326750363335185193 655045471447961548497845799669642758652494871880733492353009937392025390516252204425868357148784950282339802038173 15475460400348721411494954259829250357713131784672606247339401269963148415829061209503631869703218386868332213 2 3 5 7 11 13 17 19 23 29 31 37 41 43 47 53 59 61 67 71 73 79 83 89 97 101 103 107 109 113 127 131 137 139 149 151 157 163 167 173 179 181 191 193 197 199 211 223 227 229 233 251 257 263 271 277 281 311 331
147306949866897140393642191826250514997066466393397058531005075755923967119229369104302732544091992266183832378310 294701213367472721135136983971840374113273359333627962346341280311043290412759436805828552526519461501497708218667 589315113101267001922421367624341404107406292120422079408351431822891224651218175014434017614703446033865372975287 87313633678440347852600319339344119140426546833845284331128799195356174300698597223087438335476969130043462047 2 3 5 7 11 13 17 19 23 29 31 37 41 43 47 53 59 61 67 71 73 79 83 89 97 101 103 107 109 113 127 131 137 139 149 151 157 163 167 173 179 181 191 193 197 199 211 223 227 229 239 241 251 257 263 269 271 283 383
162513132806711433179278768029607706332201426387196955166263279706732749444606971143029006594353547028233762706290 325057466524612023541875128568081835511301057147331153361503381921632703579098258892143331778073463428271248594733 650083732138034889900432664627297248175703909921725063694029941335098202468312201178201344966780557484738774007313 31200911189157183317592508866422846898204372937243028976822508167204689884316606085318589366369371803723182153 2 3 5 7 11 13 17 19 23 29 31 37 41 43 47 53 59 61 67 71 73 79 83 89 97 101 103 107 109 113 127 131 137 139 149 151 157 163 167 173 179 181 191 193 197 199 211 223 227 229 239 241 251 257 263 271 293 311 353
160688509912088679155376546097440935535337609737532128596359065973893557104510227544574620510915154683375484028570 321412245402553246161427522049501938581423313793641554331134566223743323384318124327572101681841368007771066827929 642789265226730604472180614244383809652098533268705811523852698171530437593338579416721342703671677374522034885069 35225578375887850674429854620067510748094318577297138416434275956209175297669238422860660011058641020098770789 2 3 5 7 11 13 17 19 23 29 31 37 41 43 47 53 59 61 67 71 73 79 83 89 97 101 103 107 109 113 127 131 137 139 149 151 157 163 167 173 179 181 191 193 197 199 211 223 227 229 239 241 251 257 271 281 283 293 359
167933334872669023757004078359848648908558176789336410406528786257276687626773639978068204807525656097209247356210 335876591691903426797344375265184632461428644936036686224159993816488777993063074151561652736913104961155301139197 671743261437241474311352531984881930278544998514709507037217566331042153246610354107698062351964417155573795851617 9921946565379283336218545487334644312291357363865411102421301935402739515794195425243121861792766736806426777 2 3 5 7 11 13 17 19 23 29 31 37 41 43 47 53 59 61 67 71 73 79 83 89 97 101 103 107 109 113 127 131 137 139 149 151 157 163 167 173 179 181 191 193 197 199 211 223 227 229 239 241 251 263 269 277 283 311 353
157466185440344724676629350998243250010257128170558027532404560749105270360980421587979600115417436795061905214770 314967887611872677900912004004890000653575335712217508968229912973284092968496914317178133086623104390120107856429 629900258492562127254170706001376500674089592053333564033039034471494633690457757493137333317457977980243918285969 35516731183228547653302008403500633061079371101453903420791475073552246536071141218932855788230799996297426889 2 3 5 7 11 13 17 19 23 29 31 37 41 43 47 53 59 61 67 71 73 79 83 89 97 101 103 107 109 113 127 131 137 139 149 151 157 163 167 173 179 181 191 193 197 199 211 223 227 229 239 241 251 263 269 283 293 307 317
144754661475439053885844071762927123179710125070217057713519533842283631387764521235141364640239671349678292999130 289577062981089110758992507376363908913810941230994374583354691552730687890868962161480142882475700550612656665161 579086385931967218530680650902218155273231191371428490010393759237297950666398004631762872162955043249969242663421 67740030211002987304363850509662554390691090560259156315623868163425115339919691197413601996357851256070666901 2 3 5 7 11 13 17 19 23 29 31 37 41 43 47 53 59 61 67 71 73 79 83 89 97 101 103 107 109 113 127 131 137 139 149 151 157 163 167 173 179 181 191 193 197 199 211 223 227 229 241 251 257 263 269 271 283 293 307
165556536651230204822075738107988627666864582556219283778578123954134537446949432591491897558276267006336739368430 331134499158993494423463151236940989068606997020172667465797034834800528220668205041078054051409369701370455186871 662247572461453904067614627452918244402336162132611235022953282743069603114567070224061849167961903714043933923731 21425856533084779311675020963733734877831907734099908640786926531453326769339858094258934856835688696976450011 2 3 5 7 11 13 17 19 23 29 31 37 41 43 47 53 59 61 67 71 73 79 83 89 97 101 103 107 109 113 127 131 137 139 149 151 157 163 167 173 179 181 191 193 197 199 211 223 227 233 239 241 251 257 263 271 283 317 359
142858792033351114734939319306514707485333054856150184974820342924904346676751330318304261643710709644520365936410 285797752970977460998571230035876615356075223022471753075399973919410980991012104580558597612414977692603758219497 571515337037679690468449868648906030326741332734772123025040659769219674344514765217167120899836396981644490092317 80168904275231528692591422847200385409113310171383125759288069602287637509443943950074324993558403563026346677 2 3 5 7 11 13 17 19 23 29 31 37 41 43 47 53 59 61 67 71 73 79 83 89 97 101 103 107 109 113 127 131 137 139 149 151 157 163 167 173 179 181 191 193 197 199 211 223 229 233 239 241 251 257 263 271 283 311 313
157708605110353778498743350305317738824725756535958542994313211060026142762123265358542928326527751875806079379290 315441968636525012605785910524480537992849109907549803829031931118830156483509154976963362050297434097184687796633 630859178857232569603272611135116015642300622979466889817658353238882442007755685694049218703352937848796846555213 24758415817455608299209913845060343397596835632717840405508998777870959262624259877505397241930345572529038053 2 3 5 7 11 13 17 19 23 29 31 37 41 43 47 53 59 61 67 71 73 79 83 89 97 101 103 107 109 113 127 131 137 139 149 151 157 163 167 173 179 181 191 193 197 199 211 223 229 233 241 251 257 263 269 271 283 307 311
165119765937994091844633030014083361794907368586799783362345079950746341666080248554617363616776277838125387857370 330244871664844960073804266409182258198951929228870707531625358818363523782931213296376048442771090616564967605689 660484403540833143763070326437348981788766666402470274256315518719856207115091710405610775676323646292815743320429 5339788856776384538206381015534609137192055271140806935198916870840450770716187141321209218534940314191890949 2 3 5 7 11 13 17 19 23 29 31 37 41 43 47 53 59 61 67 71 73 79 83 89 97 101 103 107 109 113 127 131 137 139 149 151 157 163 167 173 179 181 191 193 197 199 211 227 229 233 239 241 251 263 269 271 307 311 313
162751244874781300601038873437274626889237834393085082365558230581706007010548816576320328956194563602602833125470 325510848004940166015431050247826034097150660195450265340992119136981028311189514493857407150334710673634772128879 651013337754502767217508797122375287875626328981620430072108580300393042332287147646498065062723837878840438379819 8358255377564813353303373276780318674991409280100609875657973569014290091881341216749237945583468429105877939 2 3 5 7 11 13 17 19 23 29 31 37 41 43 47 53 59 61 67 71 73 79 83 89 97 101 103 107 109 113 127 131 137 139 149 151 157 163 167 173 179 181 191 193 197 199 211 227 229 233 241 251 257 263 269 277 281 283 337
