# survivors of the modular cascade: family b k prime_indices...
# verify exactly with tailsearch_verify.gp; these are NOT yet solutions
1 0 4 9 35 36 40
78 0 4 11 30 38 49
79 3 4 0 22 30 57
137 1 4 14 20 23 52
140 0 3 34 48 50
151 0 4 6 51 53 54
222 2 4 10 14 46 57
250 2 4 4 5 54 56
277 2 4 30 32 41 47
363 0 4 30 34 43 51
383 2 4 5 26 35 46
383 2 4 6 36 40 47
480 1 4 12 13 16 24
481 2 4 0 26 37 53
489 1 4 9 14 32 41
507 2 4 21 26 33 45
509 1 4 6 30 49 52
517 1 4 21 29 47 48
534 1 4 10 29 37 38
555 0 4 7 13 19 34
577 3 4 1 5 13 42
596 2 4 6 18 34 40
602 1 4 13 22 54 56
632 0 4 13 37 39 41
746 1 4 22 33 35 39
769 0 4 12 13 39 48
795 1 4 22 49 56 57
866 0 4 10 12 15 44
873 1 4 2 25 32 52
875 1 4 12 30 42 54
891 3 4 1 2 30 54
955 2 4 4 16 32 53
958 3 3 23 39 53
977 2 4 25 29 43 56
978 2 4 18 28 48 54
999 3 4 11 29 34 39
1033 1 4 1 8 12 26
1066 1 4 21 24 50 55
1075 2 4 37 44 47 48
1084 1 4 5 24 25 36
1189 2 4 7 37 39 45
1199 0 4 23 25 38 42
1287 1 4 4 20 22 31
1324 2 4 4 7 20 42
1357 3 4 30 42 51 56
1369 0 4 3 6 44 49
1371 0 3 32 40 41
1393 1 4 4 20 28 41
1422 1 4 15 31 42 46
1524 0 4 17 24 36 49
1537 2 4 0 4 34 53
1549 0 4 10 15 50 51
1579 3 4 2 33 38 40
1663 1 4 8 13 41 45
1684 0 4 2 25 28 46
1686 2 4 8 27 46 54
1751 0 4 17 26 31 37
1761 2 4 32 34 49 53
1766 2 4 5 31 53 56
1788 3 4 12 25 44 48
1917 3 4 1 35 36 53
1964 3 4 11 15 24 29
1983 1 4 30 40 43 50
1987 2 4 2 26 32 53
1994 2 4 11 17 46 47
1995 3 4 8 19 36 50
2092 1 4 18 21 23 31
2149 0 4 26 44 45 57
2173 3 4 1 2 33 34
2221 1 4 14 17 34 46
2221 1 4 14 20 38 43
2298 3 4 1 14 44 49
2385 3 4 19 27 28 49
2419 1 3 1 30 40
2419 2 4 7 38 42 44
2504 0 4 1 36 48 56
2526 3 4 19 20 27 49
2595 3 4 14 26 38 39
2609 0 4 13 39 46 52
2646 3 4 9 12 21 57
2657 0 4 35 44 51 56
2658 3 4 13 29 30 40
2661 1 4 3 10 27 38
2685 3 3 4 20 31
2862 1 4 1 22 35 42
2897 2 4 1 12 27 34
2899 0 4 2 28 40 45
2917 3 4 21 35 39 47
2924 1 4 5 16 21 41
2927 1 4 9 11 12 36
2950 3 4 9 16 28 56
3102 2 4 2 3 4 55
3114 2 4 5 29 30 53
3145 1 4 33 43 44 48
3160 0 4 6 31 38 40
3166 2 3 0 29 41
3166 1 4 37 50 55 56
3214 2 4 2 14 15 17
3269 2 4 24 31 40 50
3331 3 4 36 39 45 51
3356 1 4 9 22 27 42
3394 0 4 14 30 45 57
3427 0 4 19 43 50 56
3439 2 4 17 53 55 56
3445 3 4 5 14 42 54
3453 3 4 8 10 29 34
3490 0 4 19 25 35 57
3585 0 4 13 20 39 55
3588 1 3 6 14 19
3621 3 4 4 12 50 56
3646 3 4 1 16 23 52
3734 3 4 1 4 28 34
3741 0 4 19 20 37 40
3776 1 3 14 33 36
3784 3 4 4 26 34 41
3892 3 4 13 24 37 38
3892 0 4 13 32 36 44
3892 1 4 25 48 52 57
3893 2 3 24 31 47
4063 0 4 5 7 12 48
4108 1 4 9 16 25 32
4111 2 4 14 41 47 50
4129 0 4 12 14 37 50
4141 2 4 12 28 42 57
4208 2 4 0 38 45 51
4227 2 4 13 38 44 52
4244 3 4 3 19 44 52
4355 3 3 8 24 47
4359 3 4 11 13 39 55
4375 3 4 1 19 43 50
4375 3 4 33 34 40 51
4380 1 4 0 17 24 32
4439 1 4 32 34 47 57
4485 0 4 18 21 36 56
4521 3 4 26 29 30 31
4522 2 4 8 24 28 54
4525 2 4 6 27 43 45
4531 3 4 16 28 30 45
4535 3 4 4 5 22 35
4542 3 4 8 39 40 53
4544 2 4 23 27 31 57
4569 3 4 2 14 31 48
4634 0 4 6 16 22 54
4685 0 4 0 12 34 35
4690 1 4 6 12 43 55
4749 0 4 1 35 44 46
4788 0 3 6 9 28
4834 1 4 6 20 30 49
4851 2 4 4 36 45 50
4873 1 4 19 46 47 53
4876 0 4 3 20 43 52
4894 1 4 3 7 18 52
4934 0 4 6 20 27 48
4953 3 4 6 34 54 57
4993 3 4 36 41 45 48
5102 0 4 8 25 34 43
5180 3 4 1 7 15 23
5188 3 4 17 22 23 56
5198 0 4 2 10 14 16
5211 3 4 13 16 29 35
5274 2 4 6 8 21 35
5348 3 4 15 33 37 54
5365 2 4 4 16 20 41
5395 3 4 2 11 13 44
5410 1 4 3 13 26 44
5450 0 4 15 20 25 41
5461 0 4 11 29 45 47
5470 2 4 9 31 33 52
5530 3 4 12 21 24 41
5540 2 4 0 13 18 36
5547 3 4 11 22 29 39
5547 3 4 14 17 21 48
5560 2 4 0 7 12 57
5572 3 3 39 42 54
5605 1 4 2 4 25 30
5688 3 4 2 15 36 51
5719 3 4 0 21 43 45
5729 1 4 5 23 35 52
5755 2 4 20 29 39 41
5788 1 4 9 16 39 45
5788 3 4 11 13 36 53
5832 0 4 13 31 34 42
5845 1 4 17 26 30 42
5853 1 4 4 16 53 54
5883 0 4 29 31 49 52
5956 1 4 5 28 36 47
5975 2 4 9 46 47 54
6028 1 4 7 10 36 51
6051 1 4 34 35 46 54
6148 0 4 18 34 51 52
6228 3 4 1 24 31 51
6256 0 4 1 21 31 32
6274 3 4 0 17 28 45
6285 0 4 7 14 38 48
6290 2 4 28 33 40 45
6297 0 4 20 31 48 50
6305 3 4 7 26 34 38
6305 3 4 10 14 20 27
6324 0 4 31 37 46 56
6328 1 4 5 12 14 52
6414 0 4 8 13 37 51
6519 2 4 23 45 48 57
6536 0 4 11 15 27 44
6556 3 4 2 8 21 22
6590 2 4 8 19 26 47
6674 1 4 13 32 44 57
6682 0 3 19 35 54
6773 3 4 14 17 31 55
6795 1 3 12 22 24
6798 3 4 16 18 27 49
6834 1 4 3 17 40 55
6835 1 4 0 7 25 30
6902 3 4 20 24 42 45
6917 0 4 7 10 17 36
6931 1 4 8 29 32 48
6951 3 4 2 16 34 42
6964 3 4 19 21 46 47
6966 0 4 7 20 23 31
6988 3 4 2 4 44 54
7008 0 4 6 18 37 54
7147 2 4 2 6 28 54
7151 1 4 25 35 39 47
7186 0 4 20 26 33 40
7247 3 4 14 37 45 57
7277 2 4 19 35 44 50
7302 0 3 32 37 52
7311 2 4 22 38 47 51
7410 1 4 14 29 39 57
7433 1 4 0 8 31 53
7552 0 3 7 41 55
7565 2 4 13 19 37 48
7612 1 4 12 33 41 46
7701 2 4 14 19 27 28
7796 1 4 32 38 45 53
7801 1 4 13 47 49 57
7846 0 4 4 25 38 39
7889 2 4 7 19 22 47
7922 1 4 5 11 26 37
7940 1 4 15 18 38 46
7964 2 4 20 21 54 56
7971 1 4 4 5 36 51
7979 2 4 5 6 45 54
7979 3 3 36 43 54
8022 2 4 17 24 41 51
8083 3 4 13 17 41 50
8134 2 4 13 16 19 56
8164 2 4 8 20 42 57
8174 1 4 22 38 42 44
8182 1 4 1 19 31 51
8187 1 4 5 25 46 53
8187 2 4 9 35 36 41
8199 1 4 18 42 43 51
8206 2 4 6 12 14 52
8274 2 4 36 40 41 43
8282 1 4 6 7 20 23
8352 2 4 9 13 22 39
8419 1 4 11 47 52 53
8522 3 4 4 36 44 48
8568 3 4 7 20 28 45
8685 3 4 9 32 42 53
8744 1 4 1 45 53 54
8759 1 4 3 14 31 48
8818 0 4 51 53 54 56
8867 1 4 4 29 44 50
8894 2 4 13 15 31 32
8899 0 4 19 20 28 37
8967 2 4 18 36 45 56
9015 3 4 11 29 38 46
9025 3 3 18 49 54
9031 0 4 4 37 48 51
9096 2 4 5 22 27 28
9099 3 4 13 25 36 57
9121 0 4 10 14 22 34
9211 3 4 3 4 8 12
9258 3 4 1 8 29 55
9299 2 4 30 36 40 46
9305 0 4 1 7 36 48
9335 0 4 17 21 32 57
9339 1 4 1 12 49 55
9361 3 4 4 16 38 49
9373 0 4 4 16 26 49
9402 0 4 22 42 44 53
9403 2 4 6 29 35 46
9405 0 4 3 5 32 41
9503 1 4 9 31 40 54
9504 3 4 2 11 19 46
9560 1 4 23 26 50 53
9585 2 4 22 23 49 53
9598 1 4 0 6 23 45
9599 2 4 9 20 28 43
9622 1 4 7 22 39 54
9650 1 4 8 16 21 36
9652 1 4 6 7 40 46
9673 2 4 5 39 43 52
9674 3 4 12 18 43 54
9752 0 4 2 31 38 54
9763 2 4 0 30 35 41
9774 0 4 22 43 50 56
9802 1 4 5 17 45 53
9844 3 4 13 17 21 34
9848 0 4 6 13 31 53
9849 0 4 7 12 19 57
9871 0 4 12 13 41 46
9872 3 4 10 38 45 46
9882 3 4 2 14 26 48
9887 0 4 23 31 36 56
9909 3 4 9 30 50 52
9920 0 4 7 9 18 57
9998 1 4 33 38 44 45
10003 0 4 5 20 29 37
10064 0 4 18 25 48 49
10068 2 4 2 20 34 51
10153 0 4 0 11 17 29
10154 1 4 2 11 36 41
10179 1 4 0 1 23 29
10321 0 4 16 21 31 39
10341 3 4 16 25 45 53
10393 1 4 13 16 17 49
10397 1 4 0 15 52 54
10472 2 4 13 27 29 50
10486 0 3 20 31 52
10488 1 4 19 45 51 52
10501 3 4 20 30 40 52
10601 1 4 5 29 39 40
10607 1 4 7 8 12 33
10635 2 3 18 23 51
10636 1 4 30 33 36 57
10645 1 4 0 17 22 48
10646 3 4 11 36 45 50
10739 1 4 14 27 35 46
10791 3 4 5 12 16 20
10795 2 4 9 11 25 51
10824 1 4 8 23 24 49
10908 1 4 33 40 42 51
10944 3 4 1 12 13 50
11032 3 4 0 19 31 55
11123 3 4 0 6 15 56
11186 3 4 5 12 33 39
11218 3 4 11 15 39 51
11259 3 4 10 24 37 52
11266 1 4 3 14 54 56
11284 1 4 3 9 47 54
11296 3 4 5 9 39 54
11326 1 4 7 14 27 51
11352 0 4 9 16 18 39
11368 3 4 1 26 34 44
11448 2 4 8 25 28 47
11460 3 4 20 34 40 57
11469 1 4 26 45 48 53
11532 3 4 26 42 45 57
11570 2 4 14 32 40 42
11630 2 4 10 20 44 46
11642 1 4 7 10 16 22
11654 1 4 10 43 50 53
11843 1 4 8 24 35 46
11870 1 4 40 42 44 54
11881 3 4 33 45 49 55
11961 1 4 23 30 34 40
11968 0 4 5 6 46 56
11975 2 4 10 23 44 57
11995 2 4 11 24 43 45
12001 2 4 12 19 20 37
12090 0 4 18 20 37 42
12197 3 4 1 15 19 53
12249 0 4 3 30 40 57
12257 3 4 3 9 14 45
12298 2 4 6 11 21 42
12337 1 4 18 20 21 30
12360 2 4 1 12 24 26
12375 2 4 5 13 27 55
12479 3 4 10 19 24 45
12480 3 3 8 10 55
12485 0 4 3 4 28 31
12511 2 4 11 49 52 53
12573 1 4 1 7 27 49
12579 0 4 2 13 19 37
12661 2 4 20 28 50 53
12706 0 4 10 20 29 43
12757 1 4 4 14 24 45
12792 2 4 5 18 24 54
12811 3 4 21 35 37 41
12846 0 4 20 31 35 36
12852 1 4 3 5 8 25
12867 1 4 20 30 37 55
12876 1 4 21 38 43 51
13032 3 4 7 8 19 46
13099 0 4 1 3 26 34
13175 0 4 1 25 37 53
13191 0 4 16 21 36 38
13214 2 4 13 22 27 48
13218 2 4 20 28 48 51
13229 1 4 8 14 37 42
13299 3 4 1 25 43 54
13311 2 4 6 32 34 36
13371 2 3 21 33 50
13381 2 4 13 14 21 38
13405 1 4 5 19 29 52
13415 0 4 8 16 20 49
13547 3 4 22 29 30 40
13567 1 4 8 24 52 53
13648 2 4 29 33 34 53
13650 3 4 1 2 25 28
13665 3 4 36 37 38 47
13694 3 4 19 37 47 53
13719 3 4 7 11 21 35
13737 2 4 1 34 44 48
13755 1 4 24 33 37 50
13757 0 4 15 23 42 49
13758 1 4 5 10 16 40
13763 1 4 4 8 25 56
13767 0 2 30 48
13788 0 4 8 25 38 55
13839 2 4 2 28 34 47
13858 3 4 6 17 51 55
13905 3 4 4 18 30 47
13905 3 3 6 12 48
13956 2 4 14 16 25 35
13999 3 4 30 38 43 54
14009 0 3 15 20 50
14016 2 4 7 17 29 40
14092 2 4 7 45 53 56
14111 3 4 23 30 33 53
14111 1 4 29 42 51 55
14112 1 4 26 29 45 50
14149 2 4 9 28 39 56
14153 3 4 23 33 52 55
14190 2 4 0 16 20 43
14202 0 4 5 18 36 39
14202 1 4 9 18 48 54
14263 2 3 21 49 56
14296 0 4 10 12 14 32
14335 0 4 1 2 25 28
14376 1 4 3 12 27 49
14380 2 4 26 31 34 47
14472 0 4 2 8 21 46
14565 0 4 0 13 46 55
14628 1 4 2 12 24 36
14632 2 4 6 34 36 42
14645 1 4 12 14 39 48
14665 2 4 3 24 39 53
14677 3 4 2 17 24 36
14719 2 4 0 14 32 55
14731 1 4 1 35 45 49
14736 2 4 9 14 35 54
14750 1 4 20 22 26 38
14810 0 4 1 7 41 51
14826 0 3 12 35 47
14836 2 4 16 30 38 54
14889 1 4 6 24 34 47
14919 1 4 22 34 35 48
14945 1 4 9 16 21 22
14959 1 4 2 8 26 48
14983 2 4 5 8 26 30
15177 1 4 12 20 26 36
15204 0 4 3 32 34 53
15230 3 4 9 11 19 44
15234 2 4 11 38 43 55
15278 2 4 1 23 26 37
15299 1 4 3 18 19 42
15312 3 4 1 32 38 46
15330 1 4 3 13 43 48
15331 1 4 7 23 51 54
15362 2 4 9 44 48 55
15375 0 4 4 42 50 57
15432 1 4 0 26 34 36
15492 3 4 8 17 38 40
15504 3 4 3 13 32 46
15506 2 4 0 11 15 16
15516 1 4 17 47 48 53
15526 2 4 32 33 34 39
15540 2 4 23 36 52 57
15545 1 4 30 35 55 56
15567 0 4 0 3 24 57
15727 1 4 0 1 13 30
15770 1 4 12 15 31 53
15815 1 4 10 16 24 46
15827 2 4 6 12 34 38
15831 2 4 16 26 46 54
15849 1 4 5 21 44 50
15857 2 4 19 44 49 51
15909 3 4 9 39 47 49
15955 3 4 11 33 34 52
15995 2 3 3 25 45
15996 2 4 3 10 28 36
16023 3 4 2 17 22 31
16042 2 4 28 37 39 49
16092 1 4 1 17 20 56
16170 3 4 1 35 42 44
16199 3 4 10 16 23 48
16224 3 4 28 30 31 54
16272 2 4 0 3 20 39
16304 1 4 15 25 36 44
16319 3 4 2 22 48 55
16336 1 4 3 5 30 34
16364 1 4 6 29 39 55
16392 1 4 9 10 14 43
16401 2 4 7 8 27 51
16502 1 4 27 28 47 48
16576 3 4 6 39 49 51
16645 2 4 0 3 8 28
16691 2 4 2 24 25 28
16767 2 4 1 18 32 57
16811 2 4 6 15 19 29
16840 0 4 6 31 32 40
16844 3 4 1 12 14 45
16943 3 4 13 24 25 29
17000 2 4 41 44 45 50
17047 3 4 15 22 54 56
17049 3 4 15 22 45 51
17089 2 4 5 18 25 33
17113 1 4 7 33 46 47
17130 1 4 6 7 20 45
17132 3 4 8 19 22 40
17213 1 4 3 12 36 53
17226 0 4 11 14 21 37
17243 2 4 3 4 10 14
17271 3 4 3 13 38 43
17310 1 4 10 17 38 57
17315 2 4 0 10 43 53
17378 1 4 22 34 38 57
17427 2 4 4 16 43 52
17444 2 4 13 18 41 43
17532 2 4 5 47 49 56
17586 1 4 0 13 26 48
17636 1 4 9 28 48 56
17709 2 4 2 21 42 55
17733 1 4 38 40 44 48
17752 0 4 9 43 47 50
17768 1 3 4 28 39
17877 3 4 7 26 39 56
17923 1 4 22 25 38 43
17931 3 4 11 14 38 55
17948 3 4 18 28 36 54
17958 1 4 10 29 35 53
17964 3 4 38 42 53 56
17971 3 4 35 36 51 56
17998 2 4 26 44 47 53
18004 3 4 1 28 32 57
18023 0 4 11 27 33 47
18042 1 4 11 13 54 55
18047 0 4 22 28 31 47
18049 2 4 2 6 31 36
18070 2 4 1 14 22 39
18167 3 4 1 19 34 47
18170 0 4 4 28 32 56
18170 3 4 11 18 26 42
18181 1 3 25 26 54
18186 3 4 10 14 28 46
18229 3 4 22 28 33 40
18290 0 4 8 24 32 56
18363 2 4 31 37 44 45
18371 2 4 17 18 24 33
18392 2 4 6 7 20 36
18444 0 4 1 30 41 49
18482 3 4 15 38 39 51
18508 1 4 22 24 31 47
18572 1 4 1 6 42 48
18574 0 4 0 46 47 48
18575 1 4 14 20 45 57
18582 3 4 2 23 28 45
18615 1 4 8 13 22 41
18648 1 2 49 53
18655 0 4 28 46 47 57
18675 3 3 3 22 44
18680 1 4 5 15 46 53
18696 2 4 15 19 21 47
18706 3 4 6 22 32 47
18726 2 4 5 16 24 26
18739 2 4 10 26 43 45
18821 0 4 1 6 24 57
18837 2 4 4 18 21 57
18983 2 4 6 10 21 54
18985 2 4 18 25 29 55
19009 0 4 33 34 36 39
19055 2 4 22 25 44 57
19088 0 4 9 13 16 24
19107 0 2 36 53
19127 3 4 7 24 40 52
19146 3 4 13 14 39 47
19171 1 4 6 13 37 46
19210 1 4 27 28 36 53
19214 0 4 28 29 37 46
19222 0 4 18 36 42 51
19223 2 4 0 29 42 49
19223 2 4 2 13 26 41
19237 0 4 5 15 47 50
19248 3 3 18 30 51
19318 3 4 8 9 25 32
19365 2 4 17 30 41 50
19376 1 4 2 7 16 46
19476 3 4 7 28 48 50
19535 1 4 14 16 52 57
19555 1 4 2 27 42 54
19569 2 4 26 28 30 49
19627 0 4 14 43 48 57
19671 1 4 31 42 53 57
19763 1 4 17 22 34 39
19807 3 4 0 8 14 45
19849 0 4 13 16 39 45
19932 1 4 1 17 47 51
19937 3 4 29 39 54 56
20103 3 4 9 24 52 55
20117 0 4 18 41 46 56
20123 3 4 3 12 19 51
20134 1 4 12 26 55 57
20223 3 4 15 26 33 49
20370 3 4 23 25 28 48
20400 2 4 19 28 34 48
20428 3 2 42 53
20438 2 4 8 17 30 46
20484 1 4 7 9 36 47
20506 3 4 26 32 42 50
20508 0 4 19 22 38 50
20526 2 4 8 35 37 47
20527 1 4 21 25 35 48
20528 2 4 0 13 17 43
20536 0 4 0 7 26 46
20627 2 4 4 11 52 55
20656 1 4 6 12 45 48
20657 0 4 2 27 37 53
20674 2 4 36 45 49 56
20679 1 4 12 13 20 28
20699 1 4 5 36 50 51
20715 3 4 0 8 40 41
20759 2 4 7 13 37 40
20790 3 4 5 26 40 53
20944 0 4 8 17 42 57
20967 0 4 33 39 44 48
21045 2 4 2 16 33 38
21048 0 4 4 21 22 24
21058 1 4 13 23 24 38
21080 2 4 8 12 18 19
21212 2 4 25 32 45 49
21216 1 4 0 4 21 57
21227 3 4 2 14 33 39
21258 1 4 7 37 49 55
21275 0 4 0 21 22 43
21370 2 4 19 29 40 53
21412 0 3 4 10 44
21420 0 4 2 11 20 26
21447 0 4 2 33 37 52
21458 2 4 10 15 26 46
21473 1 4 27 45 48 54
21480 0 4 39 42 43 51
21520 1 4 27 40 41 47
21580 1 4 11 19 32 37
21583 3 4 38 45 49 54
21622 3 4 13 37 44 52
21796 3 3 29 47 54
21832 1 4 7 11 29 43
21871 3 4 17 18 40 45
21981 0 4 8 14 16 41
22048 0 3 0 36 55
22081 0 4 4 23 36 40
22106 3 4 2 10 27 42
22130 2 4 18 34 48 57
22139 3 4 2 14 26 39
22173 2 4 19 23 25 40
22211 1 4 5 7 41 51
22233 2 4 3 23 29 38
22265 3 3 0 1 3
22294 1 4 8 19 21 33
22332 0 4 14 38 47 56
22421 2 4 14 36 48 56
22433 2 4 30 38 41 57
22495 3 4 6 13 42 49
22519 1 4 5 22 27 47
22576 2 3 16 27 50
22596 2 4 4 45 51 52
22673 0 4 5 17 40 57
22675 3 4 1 2 27 37
22688 1 2 5 56
22694 1 4 3 6 25 33
22764 3 4 23 52 54 55
22790 0 4 5 12 13 38
22800 0 4 0 8 27 34
22872 1 4 9 22 51 53
22885 1 4 5 10 14 18
22886 3 4 12 39 44 50
22927 1 4 15 20 22 56
23003 0 4 10 16 41 51
23013 3 4 31 37 47 52
23027 0 4 15 42 52 57
23080 3 4 29 51 53 54
23099 2 4 1 3 7 41
23116 1 4 14 30 33 57
23122 3 4 22 38 48 49
23183 2 4 2 30 36 45
23185 2 4 14 23 35 56
23235 2 4 11 25 29 50
23382 1 4 23 26 43 53
23439 3 4 1 22 29 49
23463 2 4 20 31 41 51
23482 1 4 2 12 27 52
23494 3 4 8 31 42 53
23501 3 4 1 13 14 51
23523 2 4 2 3 33 40
23526 0 4 2 32 42 50
23545 1 4 12 16 37 42
23563 0 4 12 40 50 57
23605 0 4 32 41 45 46
23608 0 3 9 15 42
23630 0 4 6 11 20 51
23673 1 4 29 30 36 50
23677 3 4 5 15 23 45
23683 1 4 4 6 25 26
23691 1 4 21 23 25 32
23714 0 4 18 45 51 52
23722 1 4 8 23 25 47
23734 2 3 22 40 50
23772 0 4 24 26 38 39
23801 0 4 17 37 38 42
23815 0 4 19 20 45 55
23861 2 4 24 25 32 46
23871 2 4 7 14 29 34
23874 0 4 22 36 42 46
23885 1 4 3 13 16 29
23999 3 4 3 14 42 54
24003 0 4 24 25 31 40
24198 3 4 21 31 35 53
24246 1 4 2 20 25 46
24251 1 4 0 2 38 43
24260 1 4 13 33 37 38
24297 0 4 2 33 38 47
24409 0 4 19 41 45 57
24480 3 4 11 15 20 55
24488 2 4 21 23 29 42
24642 1 4 10 11 14 22
24758 0 4 9 13 29 54
24761 1 4 14 31 39 54
24781 1 4 0 26 28 49
24781 2 4 18 19 26 48
24811 0 4 2 5 15 45
24836 3 4 2 7 41 42
24878 1 4 27 38 43 53
24916 2 4 7 13 40 45
25031 2 4 28 39 42 49
25074 3 4 10 34 35 48
25089 1 4 3 4 25 44
25097 0 4 10 13 31 34
25099 0 4 0 3 17 38
25109 1 4 8 23 44 48
25110 3 4 17 22 25 46
25120 0 4 2 23 33 50
25137 2 4 20 24 51 54
25152 0 4 0 32 50 54
25156 2 3 36 40 48
25175 0 2 9 54
25175 3 4 12 25 46 48
25209 3 4 21 34 37 42
25258 0 4 14 24 27 48
25302 2 4 4 22 41 42
25318 3 4 12 27 28 34
25322 1 4 29 33 42 54
25325 0 4 18 20 22 46
25337 1 4 14 34 47 55
25362 3 4 34 46 52 57
25383 1 4 1 45 47 53
25396 2 4 4 12 29 38
25408 3 4 5 14 19 30
25436 1 4 4 16 23 43
25439 0 4 3 10 40 41
25459 3 4 13 15 35 56
25522 1 4 15 24 26 46
25524 1 4 20 24 27 49
25583 0 4 5 21 36 57
25600 0 4 6 29 43 55
25603 1 4 33 43 47 52
25608 1 4 4 9 30 45
25613 0 4 0 23 48 55
25622 0 4 17 45 52 56
25661 2 4 33 46 50 56
25681 1 4 13 28 29 34
25683 0 4 25 36 38 51
25689 3 4 17 22 47 55
25738 1 4 1 16 30 52
25739 1 4 11 26 35 55
25767 0 4 15 16 23 24
25773 3 3 2 28 33
25783 3 4 16 36 45 47
25801 2 4 14 27 43 53
25816 3 4 14 20 28 33
25866 1 4 4 36 37 48
25868 0 4 4 8 27 28
25877 3 4 17 25 50 56
25892 3 4 17 31 36 53
25927 0 4 20 37 40 41
26106 0 4 18 31 32 41
26131 2 4 1 43 51 57
26195 0 4 7 30 49 56
26200 3 4 28 31 40 42
26278 1 4 5 9 44 55
26328 3 4 7 12 51 53
26333 2 4 7 12 46 49
26371 0 4 3 15 41 51
26378 3 4 7 13 28 56
26384 3 4 8 25 39 48
26400 2 4 10 25 46 48
26429 0 4 8 15 17 51
26469 0 4 5 18 35 50
26535 3 4 8 32 33 53
26579 2 4 20 33 38 47
26647 2 4 8 24 53 57
26685 2 4 2 17 22 43
26692 3 4 6 15 19 43
26709 1 3 11 21 36
26749 0 4 18 29 33 34
26754 2 4 2 5 16 24
26778 1 4 5 30 42 47
26781 1 4 18 29 30 55
26789 0 4 22 29 30 37
26789 1 4 38 47 49 50
26848 0 4 21 28 38 55
26878 0 4 7 15 27 44
26955 0 4 0 1 12 55
26975 2 4 1 28 37 57
26976 1 3 27 37 49
26985 1 4 2 26 30 53
27017 3 3 10 13 16
27048 1 4 21 25 27 28
27072 0 4 12 46 52 56
27329 2 4 0 6 15 46
27401 3 4 46 50 54 57
27438 0 4 39 43 48 51
27639 0 4 3 13 27 57
27688 3 4 26 46 47 51
27750 0 4 16 18 37 45
27786 1 3 4 6 32
27883 1 4 23 29 31 53
27972 1 4 5 8 16 39
28114 2 4 0 19 29 46
28119 0 3 12 13 24
28127 3 2 8 48
28187 2 4 2 10 44 52
28213 2 4 28 31 42 53
28219 2 4 17 37 41 49
28239 0 4 6 10 16 17
28244 2 4 23 26 35 55
28261 2 4 7 17 27 50
28271 2 4 4 11 42 57
28311 1 4 20 24 42 50
28345 1 4 15 30 36 39
28346 3 4 6 31 48 49
28376 1 4 29 34 48 51
28402 1 4 1 24 29 52
28410 0 4 12 23 34 39
28436 3 4 7 15 44 49
28499 2 4 23 38 45 50
28503 1 4 0 2 10 46
28523 0 4 9 19 26 33
28536 2 4 3 32 40 43
28561 2 4 31 35 53 56
28604 3 4 11 20 38 52
28606 2 4 17 26 30 56
28631 3 4 7 27 50 57
28651 3 4 12 37 45 47
28697 1 4 26 41 52 55
28803 1 4 8 20 31 39
28852 2 4 1 12 31 35
28883 3 4 11 19 35 38
28897 0 4 15 25 30 50
28958 0 4 18 33 38 40
29071 2 4 10 24 28 56
29103 3 4 22 26 54 55
29173 3 4 22 52 53 54
29195 1 4 7 36 43 49
29205 0 3 9 14 48
29243 2 4 9 39 40 56
29268 3 4 9 11 35 52
29311 0 4 5 15 21 57
29394 1 4 0 10 36 52
29405 3 3 2 7 12
29420 2 4 0 9 30 45
29488 0 4 2 5 15 26
29488 1 3 27 47 57
29551 2 4 4 8 35 44
29561 3 4 7 8 16 24
29572 0 4 7 14 18 56
29612 3 4 12 18 32 48
29635 3 4 18 20 27 56
29701 1 4 25 37 40 49
29902 3 4 12 20 22 29
29906 0 4 1 13 17 28
29955 2 4 18 38 56 57
29995 1 4 1 18 35 57
30098 0 4 2 5 25 54
30294 2 4 4 16 21 31
30303 0 4 13 19 30 43
30354 2 4 0 10 18 19
30358 0 4 36 49 55 56
30363 1 4 0 26 42 45
30403 1 4 22 23 31 37
30404 3 4 3 7 10 33
30456 0 4 1 4 43 48
30472 2 4 9 10 38 54
30510 0 4 6 34 45 49
30551 1 4 1 11 35 55
30562 0 4 9 26 33 52
30564 3 4 25 27 45 48
30698 3 4 3 35 38 39
30777 3 4 2 13 15 51
30904 0 4 3 17 20 56
31010 0 4 19 25 45 46
31018 1 4 11 16 28 42
31028 1 4 0 6 37 47
31033 0 4 17 19 39 41
31063 1 4 9 34 35 49
31095 0 4 3 11 16 23
31103 0 4 7 10 41 49
31115 3 4 9 18 29 30
31118 3 4 5 34 51 54
31181 3 4 8 19 30 39
31190 2 4 21 30 53 57
31211 0 3 11 19 54
31276 0 4 14 39 45 47
31282 1 4 15 28 41 48
31360 0 4 32 35 40 52
31395 1 4 2 7 40 54
31398 2 4 13 35 36 44
31429 0 4 9 39 54 55
31433 2 4 9 11 24 55
31582 2 4 6 19 24 55
31586 3 4 6 13 37 43
31612 1 3 10 52 55
31653 3 4 38 41 52 53
31685 0 4 2 3 10 45
31750 0 4 9 11 19 37
31791 0 4 5 10 13 41
31854 1 4 12 18 25 38
31912 3 4 15 42 43 54
31924 3 4 8 10 28 29
31929 1 4 16 25 30 39
31959 3 4 4 44 46 50
32067 0 4 16 19 40 51
32081 3 4 10 22 37 38
32090 1 3 2 7 20
32204 3 4 5 16 20 57
32208 3 4 18 39 50 54
32221 2 4 4 5 29 32
32278 0 4 18 24 48 54
32307 0 4 10 12 37 44
32403 1 4 26 32 33 47
32423 0 4 0 15 18 54
32482 0 4 10 19 26 37
32569 1 4 27 30 35 53
32593 0 3 26 42 44
32631 0 4 11 22 38 42
32633 1 4 11 21 35 46
32643 3 4 4 22 31 48
32651 2 4 20 33 39 53
32697 1 4 2 6 23 57
32720 0 4 25 34 35 49
32733 0 4 8 19 33 46
32734 0 4 11 32 39 43
32741 1 4 1 2 19 50
32755 3 4 7 25 26 54
32810 1 4 20 42 44 55
32882 1 4 2 32 50 57
32952 0 4 2 24 31 42
32960 2 4 3 12 16 53
33021 0 4 28 32 46 56
33066 0 4 29 34 43 52
33101 1 4 24 32 44 55
33112 2 4 7 11 39 54
33143 3 4 13 21 44 53
33145 0 4 12 15 25 30
33155 0 4 1 32 33 39
33294 0 4 11 18 27 44
33326 2 4 17 41 47 53
33340 1 4 12 30 31 46
33354 3 4 27 28 33 43
33407 1 4 38 40 46 56
33424 1 4 27 28 34 45
33462 2 4 9 12 13 40
33507 0 4 13 32 42 46
33533 3 4 1 34 35 49
33537 1 4 13 14 30 44
33583 3 4 18 40 55 56
33606 3 4 17 35 55 56
33622 0 4 3 12 32 41
33670 1 3 18 30 43
33686 1 4 5 14 21 32
33806 0 4 6 20 43 57
33909 2 4 27 33 49 52
34054 1 4 6 24 30 38
34105 1 4 2 13 34 36
34119 2 4 11 18 50 52
34140 3 4 16 34 43 44
34151 2 4 40 41 53 56
34170 1 4 1 14 46 48
34230 0 4 13 19 41 42
34236 2 4 0 7 23 41
34269 1 4 0 23 37 46
34289 3 4 17 29 34 45
34324 3 4 26 36 42 44
34355 3 3 6 9 17
34365 0 4 18 28 54 56
34393 2 4 14 20 21 39
34401 2 4 44 49 54 55
34479 1 4 11 15 36 40
34532 1 4 9 25 44 55
34534 1 4 28 29 30 32
34553 1 4 22 30 38 54
34556 1 4 15 46 47 56
34560 2 4 1 3 21 54
34712 0 4 3 30 31 49
34723 1 4 10 15 17 44
34732 0 4 4 26 43 54
34775 1 4 15 16 52 54
34840 3 4 12 16 24 43
34879 3 4 0 15 51 55
34906 2 4 25 31 41 55
34930 3 4 0 5 36 42
34985 2 3 16 22 24
34987 1 4 3 32 46 55
34997 2 4 22 39 54 57
34999 1 4 8 9 22 50
35060 2 4 8 18 31 33
35068 3 3 26 44 52
35070 1 4 2 12 43 48
35114 1 4 4 27 51 53
35130 0 4 0 8 18 29
35194 2 4 4 13 35 45
35259 0 4 29 41 56 57
35270 1 4 21 22 33 47
35284 3 4 3 21 33 37
35411 1 4 27 32 37 50
35412 3 4 12 35 37 54
35450 1 4 0 8 35 54
35450 0 4 11 14 22 32
35451 3 4 28 31 42 43
35493 3 4 17 38 42 45
35548 2 4 5 12 19 44
35558 1 4 32 37 46 49
35573 1 3 18 30 42
35625 1 4 31 35 40 49
35804 0 4 22 24 43 44
35825 1 4 11 15 23 49
35840 2 4 8 12 48 55
35851 3 4 1 13 46 54
35929 0 4 10 16 54 56
35952 2 4 6 7 11 52
35957 0 4 8 26 39 41
35962 3 4 0 16 28 41
35990 1 3 1 17 25
35990 2 4 4 8 31 47
36000 0 4 4 13 32 52
36019 0 4 7 35 45 51
36022 0 4 6 9 13 43
36050 2 4 2 19 25 35
36061 0 4 10 18 36 54
36078 3 4 3 4 23 48
36167 1 4 40 41 43 55
36216 1 3 0 20 41
36233 3 4 10 33 37 54
36267 2 4 2 28 46 49
36278 2 4 0 2 14 54
36279 2 4 0 7 9 28
36313 1 4 9 27 41 55
36353 2 4 12 18 23 46
36390 1 4 10 16 17 25
36446 0 4 31 40 47 50
36464 1 3 37 40 55
36554 1 4 26 31 39 41
36602 0 4 9 10 21 30
36608 3 4 20 35 36 38
36771 3 4 14 21 23 38
36776 2 4 17 46 47 49
36782 3 4 7 15 24 51
36782 1 4 9 28 30 52
36810 2 4 16 38 45 46
36845 0 4 3 16 28 56
36880 0 4 9 25 39 40
36910 2 4 36 38 40 41
37041 2 4 16 35 37 52
37080 0 4 27 36 41 56
37116 0 4 1 13 31 57
37178 1 4 30 43 50 51
37185 2 4 12 38 53 56
37186 1 4 7 13 32 43
37201 3 4 0 17 22 41
37291 0 3 25 41 54
37383 3 4 28 35 38 40
37439 3 4 4 10 53 55
37447 1 4 24 41 49 52
37476 0 4 6 48 50 51
37519 2 4 0 5 15 29
37589 3 4 10 17 38 42
37670 1 4 12 20 50 54
37690 1 4 26 29 47 55
37701 1 4 32 38 47 56
37706 1 3 20 36 38
37713 0 4 14 15 20 33
37774 1 4 26 43 47 53
37789 3 4 0 18 26 54
37842 3 4 20 24 28 32
37847 2 4 20 26 28 56
37849 2 4 1 7 9 33
37857 2 3 8 14 38
37965 1 4 2 6 14 24
37978 3 4 10 21 35 53
38060 2 4 12 33 37 42
38074 3 4 5 17 31 53
38094 0 4 6 8 11 19
38122 1 4 8 14 23 41
38140 0 4 5 18 30 34
38178 1 4 19 34 38 43
38180 1 4 0 26 52 56
38208 0 3 14 20 44
38211 2 4 17 19 23 53
38257 3 4 12 33 37 49
38339 1 4 3 17 19 41
38353 1 3 17 30 52
38363 2 4 10 12 23 29
38370 3 4 4 10 26 55
38383 1 4 1 12 28 51
38404 0 4 2 9 40 45
38406 1 4 8 21 36 41
38432 3 3 37 44 51
38445 2 4 3 21 24 36
38474 0 4 7 21 38 44
38476 3 4 5 14 17 30
38534 3 4 26 33 35 56
38549 0 4 24 27 41 45
38561 0 3 12 33 54
38584 2 4 20 22 32 33
38685 2 4 15 17 33 44
38708 0 4 2 11 18 55
38760 0 4 5 25 33 54
38762 2 4 19 30 42 45
38809 3 4 1 14 26 39
38875 0 3 2 15 30
38887 1 4 29 32 34 38
38921 2 4 8 12 22 36
38975 0 3 28 40 50
38995 1 4 5 13 24 48
39017 0 4 0 7 8 45
39017 0 4 30 37 44 51
39023 3 4 15 30 51 55
39046 1 4 23 24 38 53
39083 0 3 37 47 55
39111 1 4 7 26 32 43
39275 1 4 8 11 18 39
39308 2 4 15 24 38 48
39322 0 4 1 4 8 20
39448 2 4 7 14 27 48
39450 2 4 0 9 10 45
39457 1 4 5 19 39 56
39474 1 4 9 16 39 48
39483 0 4 15 17 19 46
39559 2 4 3 16 20 38
39576 1 4 10 11 16 57
39613 1 4 1 10 11 41
39673 1 4 13 38 45 57
39703 0 4 5 33 38 42
39752 3 4 5 13 35 51
39833 1 3 13 45 48
39838 2 4 0 6 36 46
39850 3 4 0 4 18 44
39874 3 4 5 31 44 48
39890 0 4 13 18 25 33
39957 0 4 18 43 46 52
39963 3 4 1 11 37 41
39995 3 4 21 22 26 46
40017 0 4 5 23 24 25
40040 3 4 1 40 47 55
40051 1 4 1 22 25 44
40081 3 4 12 13 27 37
40096 2 4 3 6 36 54
40118 3 4 12 24 33 52
40123 0 3 18 23 24
40157 2 4 21 40 42 47
40177 0 4 33 41 42 49
40180 2 4 7 8 22 24
40187 0 4 7 21 27 28
40193 3 4 3 20 29 46
40293 0 4 9 13 20 43
40328 3 3 4 46 47
40366 0 4 15 21 39 49
40373 2 4 16 34 42 50
40459 1 4 16 17 21 29
40525 2 4 6 20 49 56
40537 3 4 23 24 44 53
40538 2 4 20 25 33 44
40545 0 4 18 35 48 53
40584 3 4 21 29 33 46
40600 1 4 4 11 22 23
40659 3 4 13 15 40 52
40662 3 4 5 14 34 55
40717 1 4 1 3 34 49
40718 3 4 0 12 37 39
40817 2 4 2 18 39 45
40867 3 4 10 16 37 45
40874 1 4 18 20 28 41
40919 2 4 16 19 22 26
40946 0 4 21 32 37 41
41007 1 4 8 16 22 37
41082 1 4 15 33 49 52
41103 2 4 34 42 48 49
41131 0 4 23 25 42 50
41141 1 4 1 10 19 28
41142 3 3 14 31 32
41173 2 4 8 9 23 35
41173 3 4 13 32 56 57
41219 2 3 12 36 48
41223 2 4 0 22 51 52
41269 0 3 9 15 45
41271 3 4 17 29 39 47
41348 2 4 31 35 46 52
41370 3 4 17 35 54 55
41456 2 4 12 27 29 53
41463 0 4 9 17 55 56
41465 2 4 1 14 44 51
41553 1 4 5 33 41 47
41594 1 4 23 34 36 53
41657 1 4 0 3 45 56
41690 0 4 19 23 24 40
41692 1 4 1 9 43 49
41800 0 4 18 31 40 47
41903 0 4 3 7 31 52
41941 0 4 7 28 51 55
41958 1 4 18 24 47 56
41959 3 3 5 39 51
42030 2 4 10 18 53 57
42066 0 4 5 26 37 53
42104 2 4 4 22 37 51
42119 2 4 10 20 23 49
42129 1 4 2 31 38 46
42161 3 4 27 31 37 56
42195 1 4 14 29 31 40
42214 0 4 7 11 29 45
42231 1 4 10 16 27 55
42234 2 4 17 22 28 50
42240 1 4 2 3 9 33
42285 3 4 2 12 25 32
42292 0 4 4 17 26 39
42327 1 4 4 10 21 42
42342 3 4 17 26 27 34
42349 0 4 9 31 37 50
42407 0 4 19 32 44 49
42410 1 4 14 16 27 55
42422 1 4 0 14 21 53
42443 0 4 2 30 47 50
42454 2 4 5 10 14 57
42457 3 4 19 46 54 55
42474 0 4 11 25 30 39
42510 3 4 12 24 46 54
42535 3 4 13 20 22 47
42598 2 4 17 32 38 48
42621 0 4 25 28 34 42
42660 1 4 3 12 43 55
42741 1 4 1 3 6 54
42742 3 4 13 22 34 35
42753 2 4 15 33 39 49
42767 3 4 19 22 41 42
42775 2 4 16 28 37 49
42807 0 4 1 20 30 54
42855 2 4 12 17 40 55
42874 3 4 21 23 45 51
42906 2 4 4 7 45 55
42969 0 4 11 34 43 45
43066 2 4 6 16 19 29
43106 0 4 3 28 53 56
43138 2 4 11 24 32 46
43158 3 4 9 33 51 57
43185 0 4 9 13 18 55
43217 1 4 9 14 42 49
43217 0 4 19 35 37 48
43229 1 4 30 37 50 56
43264 0 4 1 2 11 14
43325 0 4 5 16 19 47
43376 3 4 16 39 51 55
43391 0 4 7 25 30 49
43446 3 4 8 52 54 55
43457 2 4 5 25 51 52
43461 1 4 0 11 36 40
43503 0 4 6 25 26 33
43513 1 4 3 9 25 41
43601 2 4 1 18 21 48
43615 3 4 2 7 29 52
43618 1 4 14 20 49 56
43625 1 4 26 31 43 57
43662 2 4 22 24 31 48
43734 2 4 2 39 40 46
43765 3 3 4 55 56
43774 0 3 36 41 44
43853 2 4 5 9 13 31
43869 2 4 7 18 29 55
43893 2 4 8 19 33 53
43905 1 4 20 31 38 49
43911 3 3 5 28 55
43912 1 4 5 22 34 51
43929 3 4 11 19 20 48
43946 2 4 9 20 21 23
44031 3 4 13 23 30 51
44056 0 4 16 30 48 55
44068 1 4 10 21 24 33
44076 2 3 7 8 56
44107 0 4 0 11 14 18
44141 3 3 9 36 47
44261 0 4 12 21 45 50
44263 0 4 21 23 25 49
44283 0 4 15 42 49 55
44300 2 4 17 26 32 41
44357 2 4 4 10 24 31
44383 2 4 11 46 53 56
44512 3 4 1 3 5 29
44519 0 4 8 14 25 38
44519 0 4 30 34 35 48
44566 3 4 3 8 51 56
44597 2 3 12 23 28
44598 1 4 15 19 33 40
44648 2 4 3 22 23 54
44672 0 4 5 13 22 24
44702 3 4 11 28 32 39
44753 2 4 20 24 38 53
44757 3 3 3 15 22
44859 0 4 13 21 39 41
44900 0 4 24 26 47 57
44907 3 4 3 31 36 42
44934 2 4 11 12 22 26
44969 1 4 11 12 31 44
44983 2 4 16 17 19 57
45035 0 3 15 53 57
45086 1 4 1 14 35 41
45253 2 4 2 31 37 38
45331 3 4 14 24 45 49
45456 2 4 1 9 38 57
45460 3 3 9 14 39
45643 1 4 9 37 48 57
45656 1 4 14 24 41 47
45661 3 4 12 19 38 40
45667 2 4 1 22 24 37
45699 0 4 27 29 40 46
45707 3 4 3 24 38 47
45718 0 4 13 16 36 57
45793 1 4 2 17 30 56
45814 3 4 7 31 44 52
45819 0 4 15 42 47 53
45841 1 4 8 22 26 30
45867 1 4 15 41 44 46
45876 0 3 2 17 21
45998 3 4 31 34 49 55
46001 2 4 32 33 41 42
46036 1 4 5 12 27 35
46051 1 4 18 29 36 57
46052 2 4 15 28 34 51
46119 1 4 4 6 20 57
46168 2 4 15 16 17 36
46209 0 4 17 34 41 53
46226 1 4 18 28 55 56
46326 0 4 2 53 54 57
46363 3 4 18 24 32 51
46415 3 4 13 15 17 30
46526 0 4 24 33 44 54
46551 2 3 31 44 49
46562 3 4 8 10 27 28
46566 1 4 1 12 26 44
46609 1 4 19 28 36 54
46610 3 4 15 40 46 49
46614 1 4 0 21 34 53
46633 0 4 16 30 47 54
46637 0 4 7 19 24 46
46638 2 4 8 24 49 55
46721 3 4 7 9 16 19
46722 0 4 5 7 20 42
46752 3 4 6 10 27 52
46768 1 3 20 39 43
46801 0 4 3 17 18 50
46808 2 4 9 15 23 32
46814 1 4 2 49 51 52
46841 1 4 18 21 26 27
46849 1 3 19 28 47
46909 2 4 5 13 37 42
46968 3 4 8 19 35 57
46986 3 4 12 17 21 47
47045 3 4 14 26 46 50
47048 3 4 3 10 25 54
47091 3 4 0 3 13 22
47096 2 4 16 28 50 56
47130 0 4 6 10 24 35
47136 2 4 4 9 17 34
47183 0 4 12 24 56 57
47186 1 3 8 13 23
47207 0 4 1 2 22 37
47272 3 4 17 25 34 49
47307 1 4 17 20 24 56
47316 3 4 4 20 31 36
47327 0 4 1 35 41 47
47363 2 4 1 14 23 27
47372 1 4 8 19 27 45
47374 1 4 14 27 29 44
47422 1 4 2 15 35 48
47422 0 4 7 44 50 51
47484 1 4 2 8 10 37
47502 3 4 27 30 36 48
47510 2 3 28 47 55
47548 0 4 15 20 31 36
47591 3 4 10 24 47 57
47641 1 4 3 15 19 20
47641 3 4 6 25 28 44
47703 0 4 6 17 32 35
47713 3 4 12 36 43 48
47718 0 4 10 47 54 57
47720 3 4 8 19 45 55
47808 0 4 1 2 12 34
47828 0 3 26 39 50
47836 1 4 9 14 27 40
47847 3 4 15 22 38 55
47873 2 4 7 15 22 28
47884 1 4 11 33 40 47
47910 0 4 7 18 26 51
47911 0 4 7 11 52 54
47970 2 4 11 29 33 46
47980 1 4 10 15 29 53
48041 0 4 24 33 38 44
48098 2 4 4 16 38 51
48127 0 4 6 27 53 56
48136 2 4 6 9 22 50
48158 1 4 8 27 35 42
48158 0 4 12 13 35 40
48167 2 4 4 17 45 52
48180 1 4 5 19 28 48
48203 2 4 11 14 27 44
48255 0 4 18 36 39 54
48342 1 4 20 25 37 50
48369 2 4 30 31 35 51
48394 0 4 1 11 12 24
48411 3 4 12 18 26 50
48461 3 4 4 24 25 43
48467 3 4 0 15 43 51
48491 2 4 4 6 15 48
48499 2 4 2 12 31 53
48515 0 4 3 14 17 49
48560 3 4 8 15 29 47
48565 0 4 3 8 9 36
48579 3 4 14 24 25 51
48658 0 4 0 43 48 56
48686 0 4 10 20 28 55
48716 3 4 38 41 54 55
48784 0 4 4 7 28 50
48810 1 4 17 21 32 38
48841 3 4 11 24 49 53
48887 2 4 4 7 25 47
48929 0 4 1 10 13 27
48965 3 4 8 10 33 43
49016 3 4 2 27 31 32
49058 3 4 6 15 22 50
49095 3 4 4 21 35 37
49139 3 4 1 27 45 46
49222 1 4 2 10 15 24
49266 1 4 3 22 40 57
49276 0 3 1 2 11
49389 1 3 3 19 45
49404 0 4 0 2 51 56
49420 0 4 15 21 35 43
49452 0 4 18 24 40 45
49488 2 3 14 29 41
49533 1 4 9 25 37 43
49562 0 4 3 31 46 49
49636 0 4 12 21 31 47
49663 1 4 8 17 52 57
49665 3 4 37 40 41 53
49696 2 4 5 17 39 55
49728 3 4 34 39 42 48
49768 2 4 9 16 36 48
49817 2 4 26 36 37 48
49891 2 4 15 19 23 36
49918 3 4 2 13 26 46
