# survivors of the modular cascade: family b k prime_indices...
# verify exactly with tailsearch_verify.gp; these are NOT yet solutions
0 2 8 0 1 2 14 30 35 45 54
0 1 8 0 1 10 24 50 51 53 54
0 0 8 0 2 6 7 13 14 18 48
0 1 8 0 2 9 17 18 30 33 54
0 2 8 0 3 5 8 14 36 47 50
0 2 8 0 4 10 20 38 43 50 55
0 1 8 0 4 13 25 32 33 39 51
0 2 8 0 5 9 15 49 51 53 55
0 1 8 0 5 16 18 23 28 33 35
0 2 7 0 6 7 18 22 28 54
0 2 8 0 6 8 26 43 50 54 56
0 2 8 0 7 8 11 16 25 28 52
0 2 8 0 7 14 17 35 37 52 57
0 1 8 0 8 11 13 15 41 43 47
0 3 8 0 9 13 18 20 32 43 49
0 1 8 0 9 21 22 33 45 52 54
0 3 8 0 11 15 24 39 44 55 56
0 3 8 0 11 30 31 34 44 45 50
0 0 7 0 13 14 29 31 39 50
0 0 8 0 13 17 23 27 28 46 55
0 0 8 0 13 21 30 38 49 51 52
0 2 8 0 14 20 29 31 32 33 50
0 0 8 0 15 26 29 37 45 52 57
0 1 8 0 15 28 33 40 41 46 52
0 3 8 0 18 28 30 33 38 46 51
0 1 8 0 20 33 37 47 49 53 57
0 3 8 0 28 29 30 46 51 55 56
0 0 8 1 2 8 20 23 27 31 40
0 2 6 1 2 40 47 49 57
0 3 8 1 3 4 5 6 14 15 42
0 2 8 1 3 17 22 41 53 54 57
0 0 8 1 5 7 20 24 31 32 41
0 0 8 1 5 9 10 20 26 31 43
0 1 8 1 6 15 17 27 47 48 57
0 3 8 1 6 15 22 29 31 32 51
0 3 8 1 7 9 10 14 21 49 50
0 2 7 1 7 13 17 19 38 51
0 3 8 1 8 9 14 25 26 29 38
0 0 7 1 9 13 35 39 40 54
0 0 8 1 9 14 20 24 43 49 55
0 2 8 1 9 22 24 30 34 38 54
0 1 8 1 10 28 30 42 47 51 54
0 2 8 1 11 15 16 32 37 45 49
0 3 7 1 11 24 26 29 51 57
0 3 7 1 12 16 24 28 38 47
0 1 8 1 12 20 27 30 40 44 52
0 0 8 1 13 15 39 42 44 47 50
0 1 8 1 15 21 24 30 46 49 50
0 2 8 1 17 25 27 38 40 45 46
0 3 8 2 3 5 11 13 20 22 40
0 2 8 2 8 14 15 30 40 51 54
0 0 8 2 9 10 14 15 24 35 48
0 1 8 2 12 16 27 32 34 39 42
0 3 7 2 12 20 29 32 41 57
0 3 7 2 13 22 25 39 43 48
0 1 8 2 16 22 26 30 45 48 49
0 0 8 2 16 29 33 36 54 56 57
0 1 7 2 16 32 34 37 44 57
0 0 8 2 17 22 23 36 45 46 48
0 2 8 2 18 19 22 27 28 33 45
0 1 8 3 4 7 27 32 33 51 53
0 1 7 3 4 9 25 39 44 48
0 2 8 3 4 14 18 28 37 52 56
0 2 8 3 5 8 10 14 42 46 50
0 0 8 3 5 8 23 30 34 46 52
0 2 8 3 5 9 11 17 21 24 40
0 2 8 3 5 15 35 40 46 50 52
0 1 8 3 5 18 27 33 41 42 56
0 2 8 3 6 7 11 22 31 39 47
0 0 8 3 6 7 17 32 46 50 53
0 1 8 3 7 25 36 38 42 51 57
0 3 7 3 8 13 24 28 29 53
0 2 8 3 8 19 27 41 50 52 54
0 3 8 3 10 16 21 34 48 54 56
0 2 8 3 11 19 37 39 41 42 51
0 3 8 3 12 18 20 42 47 53 56
0 0 8 3 21 23 24 26 28 33 46
0 3 8 3 25 27 30 32 33 46 57
0 1 8 4 5 10 15 24 32 54 55
0 1 8 4 6 11 20 27 31 34 50
0 1 8 4 6 16 20 25 26 34 46
0 0 8 4 10 13 32 33 34 48 49
0 1 8 4 10 19 21 28 44 55 56
0 0 7 4 10 20 22 30 47 48
0 1 8 4 11 18 33 34 40 43 53
0 1 8 4 11 23 29 33 34 42 52
0 2 8 4 12 22 25 29 31 33 43
0 0 8 4 15 16 24 39 41 49 54
0 1 8 4 16 17 24 29 30 42 48
0 3 8 4 16 33 36 38 42 46 47
0 0 8 4 18 25 30 33 40 52 53
0 1 8 5 6 12 23 24 27 37 52
0 2 8 5 7 9 37 38 43 46 48
0 3 8 5 11 23 27 33 47 56 57
0 1 8 6 8 15 24 27 34 44 52
0 0 8 6 15 20 22 46 49 51 53
0 1 8 6 17 20 23 24 31 46 54
0 1 8 7 8 14 30 31 33 42 55
0 0 6 7 8 22 25 32 49
0 0 8 7 10 13 16 20 21 22 25
0 3 7 7 10 26 36 43 47 52
0 0 7 7 11 13 26 39 44 50
0 0 7 7 11 14 28 39 51 52
0 1 8 7 13 14 25 28 29 31 51
0 3 7 7 13 16 19 21 37 51
0 3 8 7 15 17 22 35 36 55 57
0 1 8 7 17 20 24 34 37 46 57
0 1 8 7 18 19 29 32 40 42 46
0 0 8 8 9 16 21 27 39 46 57
0 3 7 8 9 20 21 29 41 46
0 1 8 8 14 21 24 39 42 49 57
0 0 8 8 17 21 29 31 43 51 55
0 1 7 8 18 27 31 35 42 43
0 0 8 8 19 22 30 33 36 37 42
0 2 8 8 26 28 31 32 37 38 51
0 3 8 9 10 16 32 39 44 48 57
0 3 8 9 12 18 22 24 26 28 43
0 1 8 9 13 18 24 33 38 42 45
0 0 8 9 16 18 21 24 37 47 48
0 0 8 9 16 21 30 34 36 39 41
0 1 8 9 18 19 31 37 43 51 55
0 2 8 9 21 22 29 36 38 44 46
0 1 8 10 11 21 22 30 35 36 48
0 2 8 10 12 21 22 28 43 47 57
0 3 8 10 13 20 21 39 46 51 56
0 1 6 10 14 21 24 33 36
0 2 8 10 21 27 35 44 48 51 55
0 0 8 11 13 40 46 47 52 54 55
0 3 8 11 14 15 18 28 34 50 53
0 3 8 11 18 19 26 30 31 37 38
0 1 8 11 23 27 29 43 44 45 52
0 2 8 11 26 27 30 46 49 50 51
0 1 8 12 16 28 35 40 41 50 55
0 0 8 12 18 21 23 27 29 44 56
0 1 8 12 18 28 32 34 38 44 51
0 1 8 12 20 25 27 32 36 42 43
0 3 8 12 28 38 46 48 53 55 56
0 3 8 13 15 27 30 38 43 50 54
0 3 8 13 17 20 25 27 29 40 54
0 2 8 13 17 21 26 32 39 40 52
0 3 8 13 18 24 30 31 39 42 57
0 3 8 13 19 20 21 28 34 36 50
0 3 8 13 19 24 29 30 34 45 51
0 1 8 13 20 22 34 37 39 47 56
0 2 8 13 26 29 35 38 42 52 55
0 2 8 14 17 19 27 32 41 43 45
0 3 8 14 18 33 43 47 53 54 57
0 0 8 14 22 27 33 36 38 48 52
0 0 8 14 22 29 31 36 39 40 41
0 1 8 16 17 20 30 32 44 48 50
0 1 8 16 21 23 27 32 40 47 52
0 0 8 16 29 30 34 39 45 46 53
0 2 8 17 19 22 25 38 45 49 53
0 2 8 19 24 35 37 45 54 55 56
0 1 8 19 27 31 35 39 43 46 56
0 3 8 20 22 24 32 36 40 55 57
0 0 8 21 23 24 28 30 33 42 46
0 0 8 21 34 36 40 41 44 49 53
0 1 8 28 32 33 36 43 44 48 49
1 0 8 0 1 2 9 31 33 52 56
1 2 8 0 1 29 31 38 41 45 50
1 1 8 0 2 11 14 30 37 39 42
1 3 8 0 3 4 9 16 22 29 32
1 2 8 0 3 7 13 20 37 46 55
1 0 8 0 3 9 13 18 32 42 55
1 0 8 0 3 28 32 33 36 41 50
1 0 8 0 4 8 13 15 22 44 55
1 3 8 0 4 12 16 17 19 39 45
1 3 8 0 4 24 26 39 42 45 56
1 0 8 0 5 15 17 21 37 47 48
1 0 8 0 6 10 15 26 43 45 53
1 0 7 0 6 10 19 50 54 57
1 2 8 0 7 8 16 22 49 54 57
1 2 8 0 7 12 21 34 38 48 52
1 1 7 0 7 14 15 17 21 42
1 3 8 0 9 27 30 31 43 48 55
1 3 8 0 16 23 29 31 39 40 53
1 3 8 0 23 25 28 33 35 36 55
1 3 7 1 2 7 21 27 33 35
1 3 8 1 2 15 21 35 40 44 45
1 0 8 1 2 17 21 33 34 47 49
1 3 8 1 2 26 27 28 31 37 48
1 1 8 1 3 6 15 17 18 19 30
1 3 8 1 3 6 25 28 29 36 54
1 3 8 1 3 15 18 27 31 33 39
1 3 8 1 3 25 26 33 35 50 54
1 0 7 1 3 33 38 42 45 48
1 3 8 1 4 11 16 25 28 45 56
1 0 8 1 5 8 31 32 38 42 51
1 0 8 1 5 29 32 39 41 46 54
1 0 8 1 6 16 34 38 39 40 41
1 2 7 1 6 23 27 32 41 45
1 1 8 1 6 29 30 41 46 48 53
1 0 8 1 8 9 10 15 35 42 54
1 3 8 1 8 14 18 22 27 30 54
1 3 8 1 10 15 18 19 28 32 56
1 0 8 1 11 18 19 22 28 43 49
1 2 8 1 12 13 22 25 44 53 57
1 0 8 1 13 20 24 25 29 42 47
1 2 7 1 14 27 34 35 39 50
1 1 8 1 15 19 26 28 31 45 52
1 1 8 2 3 9 16 20 31 45 48
1 2 8 2 3 13 24 26 31 33 54
1 2 8 2 4 7 14 32 34 45 46
1 3 8 2 4 8 12 13 35 36 46
1 1 8 2 4 8 31 33 44 48 54
1 1 8 2 4 11 14 17 29 31 43
1 2 8 2 6 7 8 17 18 26 41
1 3 8 2 11 15 24 28 32 45 46
1 2 8 2 12 16 22 36 38 40 53
1 3 7 2 14 37 44 48 53 56
1 0 7 2 25 31 39 41 53 55
1 0 8 3 5 7 14 21 24 27 56
1 3 8 3 6 7 8 11 29 46 48
1 1 8 3 6 11 19 24 28 31 56
1 1 8 3 6 12 22 29 40 41 51
1 0 8 3 8 25 26 35 36 45 48
1 0 8 3 9 13 18 20 27 36 45
1 0 8 3 12 23 25 31 35 41 53
1 2 8 3 13 14 34 37 40 41 50
1 2 8 3 14 20 23 31 42 55 57
1 3 7 3 16 18 39 42 55 57
1 0 8 3 16 22 23 25 33 35 57
1 3 8 3 24 26 29 30 33 42 54
1 3 7 4 5 13 14 36 48 57
1 0 8 4 5 17 20 27 28 41 46
1 0 8 4 6 10 19 41 48 49 55
1 2 8 4 7 11 23 30 34 45 47
1 3 8 4 7 29 33 36 53 55 57
1 0 8 4 8 13 27 39 45 52 57
1 0 8 4 8 15 39 41 45 51 56
1 1 7 4 11 17 27 47 56 57
1 2 8 4 12 16 28 41 44 56 57
1 2 8 4 17 18 28 36 38 39 42
1 0 8 4 20 26 27 28 34 46 57
1 3 8 4 32 35 46 47 48 50 52
1 3 8 5 6 21 25 29 34 39 42
1 3 8 5 8 21 26 35 40 48 54
1 2 8 5 8 26 27 37 42 54 55
1 0 8 5 9 11 20 21 44 47 51
1 2 8 5 10 16 17 20 39 45 57
1 3 8 5 16 19 27 28 36 53 54
1 3 8 5 16 20 32 48 52 53 56
1 1 7 5 22 25 34 41 47 52
1 3 8 6 7 8 23 26 34 43 56
1 1 7 6 8 18 41 45 52 53
1 2 7 6 9 14 15 30 45 48
1 1 7 6 10 16 22 24 29 51
1 1 8 6 14 28 29 40 48 50 51
1 2 8 6 15 21 29 33 35 36 56
1 0 7 6 27 33 41 48 53 55
1 2 8 7 9 17 24 27 34 54 55
1 1 8 7 10 15 22 38 40 50 54
1 1 8 7 15 16 29 31 42 44 52
1 1 8 7 15 17 25 32 37 38 46
1 1 8 7 26 34 35 36 44 46 52
1 0 7 7 34 37 41 42 46 53
1 1 8 7 37 41 44 45 49 50 55
1 3 8 8 9 18 30 32 47 50 57
1 0 7 8 15 22 25 41 43 47
1 0 8 8 18 21 23 25 28 41 49
1 0 8 8 19 21 23 24 38 45 46
1 1 8 8 34 35 39 41 49 52 56
1 2 8 9 10 12 20 21 33 35 44
1 1 8 9 10 17 37 38 44 46 49
1 1 8 9 18 19 28 39 42 45 54
1 3 6 9 37 40 41 46 47
1 2 8 10 11 15 23 24 25 35 50
1 0 8 10 12 20 24 39 41 44 54
1 2 8 10 14 20 25 30 33 36 43
1 0 7 10 17 23 27 44 53 54
1 2 7 10 18 27 32 36 51 57
1 1 8 10 20 27 32 40 41 42 44
1 3 8 10 22 31 33 37 45 46 51
1 1 7 10 22 31 39 43 49 57
1 1 8 11 12 26 30 32 37 47 57
1 3 8 11 13 30 34 37 42 49 50
1 3 8 11 14 20 21 37 41 43 44
1 0 8 11 14 34 45 46 48 49 52
1 3 8 11 16 17 23 24 36 38 44
1 2 8 11 19 24 39 43 46 54 55
1 3 8 12 13 21 29 38 43 47 55
1 3 8 12 16 31 34 36 40 44 50
1 0 8 12 17 26 30 34 38 44 54
1 1 4 12 30 42 54
1 3 8 13 16 17 25 26 31 47 55
1 2 8 14 16 21 30 37 47 49 54
1 2 8 14 16 24 25 31 36 47 49
1 1 8 16 18 35 39 42 46 51 53
1 1 8 16 21 25 27 28 31 35 47
1 3 8 16 24 28 34 36 38 48 52
1 0 8 17 24 31 33 34 36 44 56
1 2 8 18 22 27 31 37 39 40 41
1 1 7 18 24 26 37 41 42 44
1 2 8 19 23 26 28 49 52 53 55
1 0 8 19 26 32 37 40 46 48 57
1 0 8 20 22 25 26 29 48 50 54
1 2 8 20 31 33 42 45 46 50 52
1 3 8 23 24 32 36 39 40 45 53
1 3 7 23 30 31 36 38 55 57
1 1 7 26 37 40 42 44 45 55
2 3 7 0 1 2 19 33 45 52
2 3 8 0 1 10 18 24 36 43 54
2 1 7 0 1 19 31 49 54 55
2 3 8 0 3 4 26 27 29 43 50
2 1 8 0 3 9 14 17 35 36 37
2 2 8 0 3 12 17 20 34 39 42
2 0 7 0 5 11 13 33 53 56
2 0 8 0 6 12 30 37 43 50 51
2 0 8 0 6 26 30 39 43 46 55
2 1 8 0 6 32 36 38 44 45 50
2 3 8 0 7 11 15 27 28 35 57
2 3 8 0 7 13 15 29 32 33 36
2 1 8 0 7 18 19 30 38 49 55
2 0 8 0 9 10 34 40 48 53 54
2 2 8 0 10 20 23 32 35 48 49
2 0 8 0 11 23 26 29 30 33 45
2 0 8 0 11 24 32 36 46 50 55
2 0 8 0 14 16 22 37 44 50 54
2 1 8 0 16 18 20 21 34 35 53
2 1 7 1 2 4 9 13 34 37
2 2 8 1 3 7 8 27 38 47 53
2 1 8 1 3 10 27 35 37 40 49
2 0 8 1 3 16 34 39 43 46 50
2 0 8 1 4 8 20 25 30 43 48
2 1 8 1 4 11 13 30 32 51 53
2 1 8 1 5 11 17 24 43 44 51
2 3 7 1 6 9 11 12 41 46
2 0 8 1 6 10 24 27 28 32 36
2 2 8 1 6 14 16 20 35 44 51
2 3 7 1 9 13 19 26 32 44
2 3 7 1 9 25 43 44 48 56
2 2 8 1 10 14 27 30 33 39 45
2 0 8 1 10 29 33 36 42 48 54
2 3 8 1 12 27 30 32 34 52 54
2 1 8 1 13 24 25 28 30 34 35
2 0 8 2 3 5 7 30 38 42 54
2 1 8 2 3 7 10 34 36 43 55
2 1 8 2 3 9 20 30 45 50 51
2 1 8 2 3 14 15 27 31 39 50
2 1 8 2 4 5 7 10 20 22 23
2 1 8 2 4 7 26 33 40 42 48
2 1 8 2 5 10 14 15 19 32 56
2 3 8 2 5 11 20 40 42 47 51
2 1 8 2 6 11 14 30 39 47 53
2 0 8 2 7 12 21 24 41 49 55
2 2 8 2 9 12 13 23 26 41 47
2 2 8 2 9 13 18 40 42 47 54
2 0 8 2 9 14 22 24 30 33 38
2 3 8 2 10 15 16 27 34 41 54
2 2 8 2 11 18 25 38 42 45 53
2 3 8 2 11 32 34 36 47 50 53
2 2 8 2 12 22 39 43 47 50 57
2 1 8 2 15 19 33 34 42 45 53
2 3 8 2 21 26 32 33 38 42 44
2 3 8 3 4 15 22 26 36 43 50
2 3 8 3 6 7 17 38 41 52 55
2 3 8 3 6 20 25 27 37 40 41
2 0 8 3 6 20 26 32 37 42 51
2 2 8 3 7 13 26 31 32 45 47
2 0 8 3 9 23 24 26 40 42 47
2 1 8 3 11 14 27 28 31 42 54
2 2 8 3 12 26 29 32 36 53 54
2 2 8 3 14 16 34 36 49 50 55
2 3 8 3 19 21 30 42 43 45 49
2 0 8 3 26 29 32 47 52 53 54
2 2 7 4 5 10 22 38 40 47
2 3 8 4 5 12 22 23 45 47 54
2 3 8 4 6 7 9 28 29 30 44
2 3 7 4 6 9 10 22 39 42
2 2 8 4 6 11 17 22 27 28 52
2 1 8 4 7 8 13 49 50 51 57
2 2 8 4 8 10 14 16 19 22 50
2 3 8 4 10 16 22 26 35 42 48
2 1 8 4 11 19 40 46 51 54 56
2 2 8 4 13 16 31 35 36 46 55
2 1 8 4 14 25 38 42 51 52 55
2 2 8 4 15 20 27 29 43 45 53
2 3 8 4 19 30 31 37 45 49 51
2 0 8 4 21 22 27 32 35 51 53
2 1 8 4 27 32 36 41 50 53 54
2 2 8 5 6 9 11 22 34 46 55
2 2 8 5 6 13 26 32 37 43 46
2 3 7 5 8 9 12 23 43 44
2 1 8 5 8 9 15 24 27 37 41
2 0 8 5 8 23 25 28 47 49 54
2 2 8 5 9 18 19 25 30 37 44
2 0 8 5 12 19 21 30 32 35 41
2 3 7 6 7 19 32 46 50 53
2 3 7 6 8 9 15 43 44 50
2 1 8 6 9 13 31 39 43 47 48
2 1 8 6 10 15 22 24 27 31 35
2 0 7 6 11 30 35 50 55 56
2 3 8 6 12 13 16 37 43 46 48
2 0 7 6 14 23 39 42 54 57
2 2 8 6 15 18 27 35 40 41 52
2 1 8 6 18 24 34 35 44 45 48
2 2 8 6 19 20 24 27 32 37 48
2 3 8 6 26 36 46 47 48 51 56
2 3 8 6 35 40 47 53 54 55 57
2 2 8 7 9 12 14 19 25 32 41
2 3 8 7 10 15 31 37 38 46 51
2 0 8 7 10 25 26 30 33 36 54
2 1 8 7 11 13 30 33 35 48 53
2 0 8 7 18 24 26 31 35 45 56
2 2 8 7 22 23 25 33 36 44 52
2 1 8 7 23 33 36 44 47 49 53
2 1 8 8 9 10 17 24 30 34 53
2 2 8 8 9 10 18 19 22 27 41
2 2 8 8 9 10 20 29 35 41 43
2 0 8 8 10 11 13 32 37 40 47
2 3 8 8 10 14 15 31 38 42 43
2 3 8 8 12 20 21 32 33 53 54
2 1 7 8 15 18 28 40 45 52
2 1 7 8 15 23 27 28 37 53
2 3 8 8 15 23 28 39 40 42 44
2 0 8 8 30 33 36 38 39 41 46
2 0 8 9 12 21 25 32 35 44 55
2 0 7 9 12 38 44 45 50 52
2 0 8 9 15 20 28 29 38 48 54
2 0 8 9 16 17 19 24 35 43 49
2 2 8 9 16 20 23 42 45 47 48
2 1 6 9 16 28 38 49 57
2 3 8 10 11 29 31 32 33 43 46
2 0 8 11 12 19 23 36 41 42 48
2 2 8 11 13 15 32 37 45 48 57
2 2 8 11 18 20 24 29 38 53 57
2 1 8 11 18 21 25 38 44 53 54
2 0 8 12 13 15 23 30 39 43 50
2 3 8 12 14 15 21 43 48 50 52
2 2 8 12 14 16 18 33 42 48 51
2 1 8 12 17 21 28 29 39 41 47
2 2 8 12 18 19 20 21 48 54 57
2 0 8 12 19 35 40 42 44 47 48
2 0 7 12 22 24 30 36 43 46
2 1 8 12 27 32 35 41 42 44 50
2 0 8 13 30 32 42 44 47 48 57
2 2 8 14 15 17 23 37 40 41 54
2 1 8 14 16 22 28 33 35 39 44
2 0 8 14 16 24 35 37 41 44 50
2 1 8 14 18 31 36 37 45 46 48
2 1 8 14 19 20 25 26 33 43 46
2 1 8 14 19 24 25 35 39 46 48
2 1 8 15 16 22 27 36 44 49 50
2 0 7 15 22 41 45 46 54 57
2 0 8 16 19 20 25 36 44 54 55
2 2 8 16 19 31 32 34 45 53 55
2 0 7 18 23 46 51 52 53 56
2 0 8 18 28 36 44 45 49 50 51
2 0 8 19 33 34 40 43 44 55 56
2 1 8 20 22 30 35 41 46 53 57
2 0 8 20 26 29 30 39 43 53 57
2 1 8 20 27 28 32 33 34 46 53
2 3 7 21 26 28 29 31 32 36
2 1 8 39 42 43 45 46 49 53 55
3 3 8 0 1 18 21 24 34 37 45
3 3 8 0 2 7 10 16 21 56 57
3 2 8 0 2 8 15 26 41 48 57
3 1 7 0 2 11 25 32 36 57
3 2 8 0 2 14 19 23 34 39 45
3 3 8 0 3 8 12 18 19 27 51
3 3 8 0 3 12 14 18 22 43 46
3 0 8 0 3 17 18 23 24 31 52
3 2 8 0 4 9 29 35 36 43 51
3 2 8 0 4 18 19 29 38 53 54
3 2 8 0 5 6 15 18 20 28 35
3 2 8 0 7 13 20 44 46 51 56
3 2 8 0 8 9 35 38 40 43 54
3 1 8 0 16 19 23 31 40 44 53
3 2 6 0 17 25 29 30 56
3 3 8 0 19 23 29 30 35 45 52
3 3 8 0 19 24 38 40 43 51 53
3 3 8 1 2 5 19 27 33 54 55
3 1 8 1 4 5 9 21 29 38 49
3 1 8 1 4 11 14 21 27 37 55
3 2 8 1 5 10 17 22 27 33 34
3 1 7 1 5 23 24 27 28 32
3 2 8 1 7 9 22 24 36 37 50
3 2 8 1 8 9 21 22 31 33 43
3 2 8 1 8 12 29 30 37 52 56
3 0 8 1 8 13 15 16 21 42 48
3 0 8 1 8 19 20 27 40 46 51
3 2 8 1 9 10 11 22 24 29 44
3 1 8 1 9 14 20 26 38 40 50
3 0 8 1 12 15 22 47 48 50 52
3 0 8 1 14 19 29 34 43 51 55
3 2 8 1 16 17 27 35 42 49 56
3 1 7 1 20 22 23 25 30 37
3 2 7 1 22 30 37 38 43 46
3 1 8 2 3 8 26 32 33 35 55
3 2 8 2 3 12 13 26 27 29 35
3 2 7 2 4 9 14 27 34 47
3 1 7 2 4 21 24 39 40 50
3 0 8 2 6 15 17 42 44 49 50
3 0 8 2 8 17 34 41 45 52 54
3 0 8 2 8 23 33 44 52 53 57
3 0 8 2 11 12 20 24 28 29 56
3 1 8 2 11 14 15 27 54 55 57
3 3 8 2 12 16 25 29 41 51 57
3 2 7 2 12 37 52 54 55 57
3 1 8 2 13 24 38 41 45 50 51
3 2 8 2 21 28 34 36 40 42 52
3 0 8 3 4 11 17 21 22 29 49
3 1 8 3 5 7 8 9 20 24 45
3 0 8 3 5 25 27 35 39 49 54
3 2 8 3 8 17 32 35 38 41 51
3 2 8 3 9 10 15 25 29 45 46
3 2 8 3 9 15 19 27 46 52 54
3 3 8 3 9 26 31 36 43 45 57
3 3 8 3 10 26 31 32 34 43 49
3 2 8 3 11 27 38 43 47 49 54
3 0 8 3 12 15 18 19 35 39 46
3 2 8 3 14 15 16 30 31 48 50
3 0 8 3 15 16 25 28 42 46 53
3 0 7 3 25 26 32 33 38 42
3 0 8 4 5 7 11 15 43 50 57
3 0 8 4 5 8 14 26 32 35 49
3 1 8 4 5 10 28 35 38 43 50
3 2 7 4 6 9 32 41 53 55
3 0 8 4 8 21 30 34 38 39 52
3 0 8 4 8 25 28 29 44 45 47
3 1 8 4 9 24 25 35 47 50 51
3 0 8 4 10 28 32 42 43 46 50
3 2 8 4 11 28 40 42 48 50 52
3 0 8 4 12 23 24 26 30 31 51
3 0 7 4 14 34 36 40 53 54
3 0 8 4 15 17 25 36 39 43 44
3 2 8 4 15 18 19 22 32 38 56
3 0 8 4 19 22 30 32 34 38 56
3 1 8 4 22 29 30 41 44 45 56
3 1 8 5 8 12 15 21 36 39 40
3 2 7 5 8 19 42 46 53 54
3 2 8 5 10 17 21 25 32 38 57
3 0 8 5 10 18 19 27 34 39 40
3 1 8 5 12 24 36 42 45 47 48
3 0 8 5 13 19 20 31 32 37 41
3 3 6 5 16 29 45 49 50
3 2 8 5 18 25 37 40 47 50 51
3 2 8 5 19 28 32 37 44 47 51
3 0 8 6 10 12 16 25 48 53 54
3 1 8 6 11 14 16 28 35 36 39
3 2 8 6 12 18 29 37 42 46 48
3 0 8 6 16 23 26 27 43 48 51
3 0 8 6 20 22 31 36 41 49 51
3 3 8 6 20 24 32 37 38 53 54
3 3 7 7 8 14 47 48 49 53
3 1 7 7 8 22 28 37 43 44
3 2 8 7 9 10 25 29 30 39 41
3 1 8 7 10 16 20 21 27 28 43
3 2 8 7 11 14 23 28 45 49 55
3 3 6 7 13 19 39 52 56
3 0 8 7 14 18 23 28 40 43 45
3 3 8 7 16 18 30 34 48 52 56
3 0 8 7 17 19 30 31 34 37 46
3 2 8 7 21 23 27 30 39 55 56
3 2 8 7 37 38 39 43 48 52 56
3 0 7 8 9 10 36 40 54 57
3 3 8 8 9 16 22 29 38 42 49
3 3 7 8 10 11 30 37 39 55
3 1 8 8 10 29 32 33 36 47 54
3 2 8 8 11 24 26 27 37 47 48
3 0 8 8 15 18 22 31 40 45 52
3 3 8 9 10 12 15 34 36 42 52
3 1 8 9 13 14 26 33 36 39 42
3 2 8 9 15 19 21 36 38 39 42
3 1 4 9 16 39 45
3 2 8 9 17 19 27 30 34 48 53
3 3 7 9 19 27 43 44 46 51
3 2 8 9 22 26 34 38 47 55 56
3 3 8 9 31 33 34 38 41 47 55
3 1 8 10 11 19 23 35 43 45 49
3 2 8 10 13 18 19 21 31 32 54
3 2 8 10 18 23 25 35 43 49 57
3 0 8 10 23 33 35 44 45 46 51
3 2 8 10 24 29 30 38 47 52 54
3 3 8 11 13 19 23 25 35 56 57
3 3 4 11 13 36 53
3 1 8 11 14 24 36 51 52 54 57
3 3 8 11 15 20 26 29 34 36 54
3 1 8 11 15 24 26 28 35 40 48
3 0 8 11 20 22 37 38 53 54 55
3 3 8 11 22 31 33 34 40 41 43
3 1 7 11 24 26 39 49 51 52
3 1 8 11 31 33 34 39 42 47 54
3 1 8 12 13 16 20 22 42 45 49
3 3 8 12 13 23 31 36 37 39 42
3 1 8 12 14 19 28 30 34 43 53
3 3 8 12 15 20 21 30 31 33 48
3 1 8 12 15 28 33 40 43 53 55
3 3 8 12 22 29 31 32 39 54 56
3 0 7 13 20 21 27 32 50 51
3 3 8 14 17 23 31 34 45 48 51
3 1 8 16 18 19 26 34 36 38 48
3 2 8 17 22 25 30 39 47 48 53
3 3 8 17 27 29 34 39 48 51 52
3 1 8 18 27 35 41 48 49 52 54
3 0 8 22 25 30 37 39 45 47 50
3 3 8 25 33 37 41 42 43 51 52
3 3 8 26 28 29 32 33 46 52 55
3 3 8 28 31 37 43 45 49 56 57
4 2 8 0 1 2 8 19 21 24 48
4 2 8 0 1 3 18 28 29 36 55
4 1 8 0 1 8 20 39 43 45 57
4 3 8 0 3 4 42 43 47 49 51
4 0 8 0 3 16 26 27 31 50 53
4 1 8 0 5 9 15 16 26 46 54
4 3 8 0 7 8 31 33 45 46 57
4 0 8 0 7 10 13 21 33 35 50
4 3 7 0 7 18 23 43 47 55
4 1 8 0 7 24 30 31 41 45 49
4 0 8 0 9 17 27 33 37 49 50
4 1 8 0 10 14 16 19 24 34 38
4 2 8 0 11 12 21 22 23 32 41
4 0 8 0 13 19 20 23 31 36 37
4 1 8 0 17 19 24 44 46 50 51
4 0 8 0 21 24 25 29 31 49 51
4 3 8 0 25 34 37 40 47 49 52
4 3 8 1 2 5 17 27 49 54 56
4 2 8 1 2 5 28 32 36 37 55
4 2 8 1 3 9 12 35 36 52 54
4 2 8 1 3 15 16 21 27 28 51
4 2 8 1 3 28 31 34 37 41 48
4 2 8 1 4 8 17 18 36 46 55
4 1 7 1 5 10 15 16 18 38
4 1 8 1 5 11 13 31 32 40 42
4 2 8 1 6 18 19 45 51 53 56
4 0 8 1 7 12 21 22 37 43 53
4 3 8 1 7 14 28 32 42 48 52
4 1 8 1 7 15 36 40 44 47 48
4 1 8 1 7 19 25 29 34 44 54
4 1 8 1 7 22 27 28 29 50 57
4 3 8 1 7 24 27 30 39 41 43
4 3 8 1 9 12 19 29 32 37 39
4 2 8 1 9 23 34 41 43 47 56
4 2 8 1 10 11 15 20 26 35 48
4 0 8 1 11 16 21 23 24 29 35
4 3 8 1 12 17 28 43 45 49 52
4 3 7 1 13 22 32 33 41 50
4 1 8 1 17 18 21 39 44 48 55
4 2 6 1 21 23 33 38 44
4 3 8 1 24 26 29 31 44 45 53
4 0 8 2 3 5 6 21 33 37 44
4 3 8 2 3 9 17 19 33 46 57
4 2 8 2 4 5 6 31 37 51 54
4 1 8 2 4 7 10 15 20 41 52
4 2 8 2 4 10 18 24 29 43 54
4 3 8 2 5 6 12 26 27 30 40
4 0 8 2 6 13 23 29 33 43 45
4 2 8 2 7 27 31 41 48 54 55
4 3 8 2 10 20 28 48 50 52 55
4 3 8 2 10 22 31 33 45 46 57
4 2 8 2 11 17 21 25 37 42 46
4 1 8 2 15 29 40 46 48 55 57
4 2 8 2 18 19 29 34 41 43 48
4 0 8 3 4 5 15 30 41 54 55
4 1 8 3 4 9 13 16 20 45 46
4 1 8 3 4 14 38 47 49 52 56
4 1 8 3 5 10 16 29 42 43 47
4 0 7 3 5 12 17 29 37 46
4 0 8 3 6 8 27 31 45 49 50
4 2 8 3 6 9 14 31 34 44 56
4 3 8 3 7 9 13 27 35 40 49
4 3 8 3 7 10 16 19 38 42 54
4 2 7 3 7 12 13 28 47 56
4 2 8 3 7 13 30 31 32 43 48
4 3 8 3 8 19 26 31 37 53 56
4 3 8 3 9 15 25 26 36 51 53
4 1 8 3 11 31 36 39 42 50 52
4 2 8 3 13 14 16 23 28 37 49
4 3 8 3 13 24 32 36 42 54 55
4 1 8 3 16 19 21 23 28 30 50
4 0 8 3 18 23 30 34 36 52 55
4 1 8 3 20 31 34 35 40 46 54
4 0 8 3 28 29 34 38 40 41 44
4 2 8 4 5 6 16 27 33 53 55
4 2 8 4 5 7 16 25 30 50 57
4 3 8 4 5 12 30 47 51 52 54
4 0 8 4 7 9 12 24 37 38 57
4 0 8 4 7 13 18 24 28 45 56
4 1 8 4 12 20 26 27 28 29 52
4 0 8 4 13 33 35 37 47 51 52
4 2 8 4 15 25 30 44 45 53 55
4 2 8 4 16 20 24 31 33 39 46
4 0 8 4 16 27 34 44 50 53 55
4 1 8 4 17 18 19 21 24 45 55
4 0 7 5 8 15 17 21 40 42
4 1 8 5 11 34 41 42 48 49 52
4 3 8 5 12 16 24 27 41 50 56
4 0 7 5 12 20 46 49 55 56
4 0 8 5 14 18 30 31 40 48 51
4 1 8 5 14 24 30 46 49 51 53
4 1 7 5 19 21 24 36 46 50
4 0 8 5 29 30 32 33 34 36 50
4 1 7 6 8 10 17 29 30 40
4 1 7 6 8 14 28 33 40 56
4 0 8 6 13 18 36 45 52 54 57
4 0 8 6 13 19 20 23 29 41 47
4 1 8 6 14 18 19 21 25 35 39
4 1 7 6 14 23 26 31 46 55
4 0 7 6 15 17 19 22 34 49
4 2 8 7 10 12 24 26 29 34 48
4 2 8 7 10 19 23 28 34 38 46
4 0 8 7 11 12 20 21 28 32 33
4 0 8 7 22 35 39 40 41 45 53
4 3 4 7 26 34 38
4 0 8 8 10 11 14 23 43 56 57
4 0 8 8 17 23 26 34 37 47 52
4 3 8 9 12 20 27 29 35 39 40
4 2 8 9 12 30 31 42 45 47 57
4 0 8 9 13 15 24 30 36 46 51
4 0 7 9 14 16 31 40 47 48
4 0 8 9 14 17 19 23 24 39 56
4 3 8 9 14 23 26 44 46 53 54
4 3 8 9 14 24 35 44 51 56 57
4 1 8 9 15 24 25 27 31 35 46
4 3 8 9 16 20 24 29 32 45 52
4 0 8 9 17 39 40 41 52 53 55
4 2 8 9 19 20 26 43 46 51 56
4 3 4 10 14 20 27
4 2 8 10 14 28 37 46 48 49 55
4 3 7 10 15 16 30 35 52 57
4 1 7 10 19 28 41 42 43 50
4 2 7 11 12 29 34 38 39 43
4 1 8 12 13 17 18 20 21 37 49
4 1 8 12 15 20 23 25 29 53 55
4 2 8 12 16 18 28 37 38 44 48
4 0 8 12 24 26 34 43 45 48 57
4 0 7 13 15 28 35 50 52 55
4 3 7 13 27 30 32 34 48 56
4 1 8 14 15 22 28 31 37 40 47
4 1 8 14 25 34 37 39 41 49 51
4 2 8 15 17 20 28 40 42 52 53
4 3 7 15 20 22 35 37 52 57
4 1 8 16 17 25 31 35 46 49 55
4 1 8 16 21 26 33 41 42 43 56
4 3 8 16 22 24 38 40 43 45 53
4 1 6 17 20 24 26 30 42
4 0 8 18 29 30 33 39 41 50 56
4 0 7 20 25 29 33 52 53 55
4 3 8 24 29 33 35 38 39 45 46
4 1 7 30 31 35 40 47 53 55
4 1 7 31 33 34 35 36 39 41
5 2 8 0 1 3 14 37 48 55 57
5 3 8 0 1 4 5 17 21 41 43
5 2 8 0 1 4 16 34 38 41 47
5 1 8 0 1 22 31 49 51 53 57
5 3 8 0 2 5 18 19 25 32 38
5 2 8 0 2 24 33 36 38 44 45
5 2 8 0 3 4 28 41 49 50 52
5 1 8 0 3 19 30 38 39 48 52
5 1 8 0 4 5 6 40 41 48 55
5 0 8 0 4 6 32 38 40 42 52
5 1 8 0 4 11 15 32 41 46 56
5 0 6 0 4 16 21 26 32
5 1 8 0 5 8 30 42 43 47 55
5 1 8 0 5 10 13 44 47 51 53
5 0 8 0 5 19 23 27 44 52 54
5 0 8 0 6 18 28 41 43 56 57
5 1 8 0 7 9 22 35 51 53 57
5 2 8 0 8 10 19 27 43 52 56
5 3 8 0 8 17 34 43 46 49 50
5 0 8 0 9 13 30 39 44 53 54
5 1 8 0 9 14 24 38 46 49 53
5 1 7 0 9 24 26 28 42 45
5 0 8 0 10 16 27 28 29 38 51
5 2 8 0 17 30 39 45 46 55 57
5 3 8 0 25 32 33 34 50 55 56
5 2 8 0 25 34 36 39 49 50 52
5 1 8 0 28 30 36 39 41 46 53
5 0 8 1 2 13 14 19 36 43 48
5 2 8 1 4 13 19 23 49 51 53
5 0 8 1 4 15 17 23 46 47 48
5 2 8 1 4 17 26 32 34 43 46
5 1 7 1 5 11 20 23 41 45
5 2 6 1 5 12 21 32 56
5 0 8 1 6 13 18 32 33 47 53
5 3 8 1 7 11 17 20 32 44 49
5 3 8 1 7 12 22 33 49 50 52
5 2 8 1 7 15 17 24 26 28 53
5 0 8 1 10 12 20 23 25 43 46
5 2 8 1 12 22 33 44 48 53 56
5 2 8 1 14 19 27 39 45 50 57
5 2 8 1 17 30 31 33 42 56 57
5 0 8 1 20 38 39 44 47 49 56
5 2 8 1 28 31 37 39 46 55 57
5 0 8 2 3 6 23 26 27 39 47
5 3 8 2 4 6 8 31 36 37 55
5 1 8 2 4 12 22 36 51 55 56
5 1 8 2 4 14 17 19 35 49 57
5 0 8 2 5 12 17 19 25 30 56
5 0 8 2 6 8 11 40 42 46 54
5 2 8 2 6 13 19 33 41 49 53
5 2 8 2 7 11 12 17 19 30 46
5 0 7 2 8 16 18 36 38 39
5 1 8 2 9 14 22 34 38 44 52
5 0 8 2 9 16 20 21 28 43 54
5 3 8 2 10 13 21 42 48 50 56
5 0 8 2 10 14 17 19 42 43 50
5 0 8 2 10 20 23 25 27 37 41
5 2 7 2 10 21 23 42 45 48
5 2 8 2 10 29 30 32 34 38 53
5 0 8 2 11 12 19 28 49 55 56
5 2 8 2 12 20 25 26 40 42 47
5 1 8 2 12 22 25 43 47 55 56
5 0 8 2 13 22 23 28 34 37 42
5 1 8 2 14 15 22 24 39 45 50
5 0 8 2 16 17 27 28 38 52 53
5 2 8 2 16 19 25 35 41 43 53
5 0 8 2 17 20 27 30 36 54 55
5 1 8 3 4 9 11 13 19 32 41
5 2 8 3 4 20 27 36 38 42 57
5 3 8 3 4 25 29 35 39 47 52
5 2 8 3 5 13 21 25 26 29 32
5 2 8 3 6 11 20 24 35 48 57
5 3 8 3 9 11 12 20 29 38 46
5 2 8 3 14 23 30 40 44 52 53
5 3 7 3 16 23 39 41 45 56
5 2 8 3 17 25 26 33 44 46 50
5 0 8 3 19 20 21 38 44 52 53
5 0 8 3 29 31 33 36 47 50 53
5 0 7 4 5 6 38 49 50 54
5 0 8 4 6 8 10 14 15 20 24
5 0 8 4 6 8 11 22 26 35 47
5 2 8 4 6 22 28 41 44 45 47
5 2 8 4 7 11 18 44 50 51 52
5 1 8 4 7 33 42 44 46 56 57
5 0 8 4 7 36 39 47 51 56 57
5 0 6 4 8 10 11 30 38
5 1 8 4 8 12 20 29 32 42 43
5 3 8 4 8 21 22 33 36 37 45
5 0 8 4 10 16 19 27 39 47 56
5 1 8 4 12 23 26 27 34 44 57
5 0 7 4 13 15 18 23 37 47
5 2 8 4 14 25 32 35 39 41 47
5 1 8 4 15 16 17 25 38 41 48
5 1 8 4 16 33 36 39 40 53 56
5 0 7 4 19 20 32 33 45 57
5 3 7 4 19 28 31 34 44 52
5 3 8 4 23 32 36 37 46 47 53
5 3 8 5 6 9 23 24 28 33 54
5 1 7 5 6 11 23 35 40 53
5 2 8 5 6 12 19 30 39 44 46
5 0 8 5 6 16 24 28 31 33 45
5 2 8 5 6 19 27 32 46 52 55
5 0 8 5 7 10 14 28 35 43 46
5 2 8 5 7 11 17 20 43 51 54
5 2 7 5 7 17 43 44 47 57
5 2 8 5 8 13 30 37 46 47 51
5 0 8 5 8 14 17 20 25 50 52
5 1 8 5 8 15 16 35 42 47 51
5 1 8 5 8 15 16 39 42 53 56
5 1 8 5 11 13 18 44 47 53 55
5 0 8 5 11 15 16 21 29 30 46
5 1 8 6 8 11 34 35 41 43 50
5 2 8 6 9 20 32 38 42 43 55
5 0 7 6 12 17 27 41 45 47
5 1 8 6 13 14 17 18 20 26 41
5 2 7 6 13 23 33 37 41 46
5 0 8 6 14 17 23 32 39 50 52
5 0 8 6 15 23 25 28 33 43 44
5 3 8 7 9 14 15 23 30 44 57
5 0 8 7 9 18 30 34 37 43 53
5 1 8 7 11 12 13 18 20 33 37
5 2 7 7 13 24 31 36 39 48
5 1 8 7 14 15 21 44 50 51 55
5 1 8 7 15 21 26 32 45 46 54
5 0 8 7 16 22 23 30 37 48 52
5 0 8 7 21 29 34 39 46 50 56
5 2 7 8 10 16 42 44 50 54
5 0 6 8 11 17 20 37 57
5 2 7 8 12 13 14 36 42 55
5 3 8 8 13 25 43 46 49 50 54
5 2 8 8 14 22 23 26 30 53 56
5 3 8 8 15 20 31 33 46 48 57
5 2 8 8 19 23 44 45 52 55 56
5 3 8 8 21 29 30 33 34 42 47
5 1 8 9 10 12 13 18 26 32 51
5 0 8 9 10 13 22 26 45 50 55
5 2 8 9 10 14 17 24 30 35 53
5 0 8 9 11 13 16 29 45 55 56
5 0 8 9 13 16 41 42 45 53 55
5 3 8 9 13 20 24 27 30 35 54
5 3 8 9 24 32 35 37 39 46 49
5 1 8 10 11 12 13 22 26 35 50
5 1 8 10 15 26 30 40 41 52 55
5 1 8 10 16 19 26 27 44 56 57
5 1 8 11 15 19 24 28 32 49 57
5 2 8 11 19 21 24 35 42 44 50
5 2 7 12 13 24 29 30 37 39
5 2 8 12 20 26 27 41 44 51 55
5 3 8 14 22 24 31 32 46 47 48
5 1 8 14 27 35 39 42 52 55 56
5 0 8 15 17 18 26 35 45 49 55
5 1 8 16 22 31 32 33 42 50 53
5 1 7 16 26 27 28 29 50 57
5 1 8 16 27 34 40 42 45 49 50
5 0 7 17 20 21 26 28 38 39
5 3 7 18 33 34 36 43 53 54
5 2 8 19 31 33 46 50 52 56 57
5 3 8 21 25 27 28 31 36 38 55
5 0 8 23 28 30 32 35 41 44 51
5 1 8 24 27 31 40 42 51 52 54
5 0 7 27 35 41 42 44 49 50
6 2 8 0 1 3 31 35 40 45 57
6 0 8 0 1 4 16 21 26 35 48
6 3 8 0 1 7 8 11 30 38 47
6 2 8 0 1 12 33 34 43 53 55
6 0 7 0 1 16 20 41 43 51
6 1 8 0 2 6 8 9 12 18 31
6 2 8 0 2 6 13 25 32 34 41
6 3 8 0 3 7 12 22 33 38 52
6 1 8 0 3 9 26 28 35 48 50
6 2 8 0 7 9 27 30 35 42 51
6 2 8 0 9 17 18 23 33 42 45
6 0 8 0 9 27 28 30 33 39 54
6 3 7 0 14 21 26 32 33 37
6 1 8 0 17 18 19 20 32 38 57
6 0 7 0 22 24 37 39 41 43
6 2 8 1 2 4 8 17 29 34 36
6 2 8 1 2 6 15 19 21 32 47
6 3 8 1 3 4 27 33 37 45 52
6 2 8 1 3 9 13 24 32 53 54
6 2 8 1 3 17 19 24 27 31 34
6 2 8 1 4 5 8 21 36 50 56
6 0 8 1 4 15 16 19 24 42 53
6 3 8 1 5 6 11 18 31 49 53
6 2 7 1 5 6 17 28 50 57
6 0 8 1 5 6 21 31 33 47 49
6 0 7 1 5 20 27 39 45 50
6 1 7 1 5 25 30 41 50 51
6 3 8 1 6 14 19 21 25 29 54
6 1 8 1 6 18 29 32 37 38 51
6 1 8 1 7 8 10 22 28 42 49
6 2 8 1 8 12 13 15 23 41 52
6 3 8 1 8 17 22 34 36 48 51
6 0 7 1 9 12 19 39 40 53
6 3 8 1 10 17 21 23 37 43 51
6 3 8 1 11 13 16 27 43 45 56
6 2 8 1 12 13 14 32 41 50 57
6 3 8 1 12 15 19 27 36 48 57
6 1 8 1 12 18 21 25 37 48 53
6 2 8 1 29 35 40 41 52 54 57
6 1 8 2 3 15 16 17 18 20 42
6 0 8 2 3 15 21 44 46 48 52
6 1 8 2 4 10 12 30 32 47 50
6 2 8 2 4 13 34 39 43 44 55
6 1 8 2 6 9 11 26 36 44 52
6 1 7 2 6 12 30 43 45 55
6 2 8 2 7 11 21 25 38 39 51
6 0 8 2 7 12 13 23 46 52 55
6 3 7 2 9 11 25 34 44 56
6 2 8 2 9 20 21 25 51 52 54
6 0 8 2 10 14 25 27 29 42 46
6 1 8 2 13 16 21 24 39 49 54
6 0 8 2 23 24 25 34 37 55 57
6 0 8 2 27 31 38 46 48 54 55
6 1 8 3 4 6 14 35 47 50 52
6 1 8 3 4 7 11 15 20 24 29
6 1 8 3 4 11 23 36 42 46 57
6 0 7 3 4 25 38 50 51 56
6 0 8 3 5 10 13 24 45 51 55
6 2 7 3 7 10 13 40 52 56
6 3 8 3 7 17 20 30 38 46 56
6 3 8 3 7 19 23 24 42 47 56
6 0 8 3 8 9 12 18 31 35 55
6 2 8 3 8 9 18 26 31 46 50
6 3 8 3 8 12 17 20 22 26 32
6 1 7 3 8 16 21 38 39 49
6 0 7 3 8 19 23 26 35 39
6 0 8 3 8 19 23 28 33 39 47
6 1 8 3 11 17 22 29 43 49 55
6 2 8 3 12 15 16 27 47 54 55
6 1 7 3 12 15 34 42 51 53
6 2 8 3 13 15 18 26 33 49 55
6 1 8 3 15 18 20 33 38 43 56
6 3 7 3 15 23 27 43 56 57
6 2 8 4 5 8 17 20 26 29 40
6 2 8 4 5 9 21 49 50 55 56
6 0 7 4 6 7 9 10 31 51
6 2 8 4 6 7 12 22 23 41 42
6 2 8 4 6 9 12 21 27 41 50
6 0 8 4 6 25 28 43 44 52 54
6 2 8 4 7 8 19 30 41 42 49
6 0 8 4 8 10 15 27 40 43 52
6 0 8 4 10 15 25 44 49 51 54
6 1 8 4 11 12 15 17 33 36 42
6 3 8 4 11 14 16 26 34 53 55
6 0 7 4 13 23 41 44 45 54
6 2 8 4 14 17 19 21 27 47 57
6 2 8 4 19 23 26 33 42 44 57
6 0 7 4 20 23 26 53 54 57
6 2 8 5 6 9 17 18 22 26 30
6 2 8 5 7 12 18 23 24 36 53
6 1 8 5 7 20 24 29 51 54 56
6 2 7 5 8 13 17 18 28 49
6 3 8 5 8 15 25 27 28 38 55
6 1 8 5 9 10 14 35 50 53 55
6 1 8 5 9 12 29 33 39 43 52
6 3 8 5 9 35 37 53 55 56 57
6 3 8 5 11 20 37 42 45 50 56
6 2 8 5 13 18 31 32 50 52 53
6 2 8 5 16 22 31 38 39 43 44
6 3 8 5 18 20 25 39 48 52 57
6 2 8 5 18 22 33 39 42 56 57
6 0 8 5 24 32 43 44 50 53 56
6 1 8 6 7 9 25 34 41 48 56
6 2 8 6 9 18 28 34 48 52 56
6 2 8 6 11 14 17 27 50 52 55
6 2 8 6 13 14 18 19 20 31 43
6 3 8 7 8 10 11 21 26 30 40
6 1 8 7 9 14 22 28 41 46 52
6 0 8 7 9 17 28 34 39 40 50
6 1 8 7 12 30 33 34 37 43 48
6 0 8 7 13 29 33 37 47 48 53
6 2 8 8 9 10 27 31 32 38 53
6 0 8 8 9 15 22 28 35 42 50
6 1 8 8 10 12 18 21 33 37 53
6 3 8 8 11 14 20 26 27 33 54
6 1 8 8 11 16 19 25 26 42 46
6 3 8 8 14 17 22 28 33 35 52
6 2 8 8 16 20 36 42 44 49 51
6 3 8 8 17 22 28 30 40 44 52
6 0 8 8 20 21 22 23 47 51 55
6 0 8 8 20 24 26 31 42 48 49
6 1 8 8 22 29 32 36 40 47 54
6 2 8 9 12 20 29 31 42 43 44
6 3 8 9 14 17 24 31 41 49 51
6 3 8 9 16 17 25 27 32 38 56
6 1 8 9 16 23 24 26 29 39 40
6 0 8 9 17 19 22 26 39 41 51
6 1 8 9 17 23 24 41 54 56 57
6 2 7 9 17 32 34 38 43 50
6 1 8 9 22 23 26 39 43 46 51
6 1 8 9 28 30 31 40 42 43 50
6 3 8 10 11 16 19 29 32 45 47
6 0 8 10 13 15 21 30 38 39 48
6 1 8 10 23 28 34 35 44 45 56
6 0 8 11 14 29 30 33 43 46 50
6 3 8 11 17 23 40 42 44 49 56
6 3 8 11 21 33 34 44 47 54 56
6 1 7 11 26 35 43 44 49 53
6 3 8 12 22 35 36 39 40 45 50
6 3 7 13 15 16 44 48 49 54
6 2 7 13 25 33 34 44 53 56
6 1 8 13 29 37 40 47 48 51 57
6 3 8 14 18 28 35 36 41 44 49
6 2 7 14 23 28 35 37 42 53
6 1 8 15 23 34 36 37 43 51 57
6 0 8 16 17 19 26 35 38 46 54
6 1 8 16 17 21 30 40 49 54 57
6 1 8 16 17 34 36 41 45 46 49
6 3 8 16 25 27 33 39 47 54 56
6 3 8 17 18 31 32 35 38 46 51
6 2 8 17 23 27 31 38 40 50 51
6 2 8 17 23 29 35 49 50 53 54
6 2 7 18 22 24 37 49 56 57
6 2 8 18 25 26 28 31 34 38 44
6 0 8 18 30 33 37 40 42 53 55
6 0 8 19 20 22 23 24 27 29 47
6 3 8 22 24 25 28 38 42 49 56
6 1 8 23 27 29 45 49 50 51 55
6 1 8 24 29 37 38 39 41 42 54
6 2 8 25 27 28 37 42 45 48 54
6 3 8 26 30 35 36 46 51 54 55
7 0 8 0 1 4 6 10 12 28 40
7 2 8 0 1 4 23 39 49 53 57
7 1 8 0 1 5 17 30 33 37 44
7 2 8 0 1 5 22 33 42 49 56
7 1 8 0 1 11 17 20 45 48 52
7 0 8 0 2 9 13 20 30 32 40
7 1 7 0 2 9 17 30 34 57
7 3 8 0 2 9 24 27 36 49 52
7 3 8 0 2 11 14 23 43 44 53
7 0 8 0 5 12 29 34 38 55 56
7 0 8 0 6 14 27 32 41 45 51
7 2 8 0 8 11 21 23 30 46 50
7 1 8 0 8 16 22 27 29 37 52
7 0 8 0 11 23 32 34 36 39 54
7 2 8 0 12 26 32 50 54 55 57
7 1 8 0 15 16 32 33 45 50 53
7 0 8 0 15 18 25 27 30 37 49
7 3 8 0 16 35 39 47 52 53 54
7 1 8 0 18 25 26 32 41 49 56
7 2 8 0 20 27 41 43 44 54 57
7 1 8 0 21 24 31 42 45 46 52
7 2 8 1 2 3 8 28 42 45 47
7 1 8 1 3 14 23 36 48 54 57
7 1 8 1 3 16 32 34 41 53 55
7 0 8 1 3 22 32 33 38 39 46
7 3 8 1 4 8 18 32 35 47 54
7 0 6 1 4 28 37 47 56
7 3 8 1 5 6 16 29 34 39 52
7 2 8 1 5 9 15 27 29 48 53
7 0 8 1 7 12 14 15 29 33 51
7 1 8 1 8 9 21 31 32 34 51
7 1 8 1 8 28 33 35 38 50 56
7 3 8 1 13 18 37 38 40 54 56
7 0 8 1 16 20 25 29 37 48 52
7 0 8 1 32 34 36 41 42 44 53
7 3 8 2 3 11 19 29 35 36 55
7 1 5 2 4 6 19 30
7 2 8 2 4 7 13 22 23 36 41
7 0 8 2 4 7 20 22 27 28 42
7 0 8 2 5 6 12 17 22 40 50
7 2 8 2 6 18 23 35 39 52 57
7 1 8 2 7 9 13 14 24 38 39
7 0 8 2 9 10 22 31 33 46 56
7 2 8 2 9 22 24 26 32 42 53
7 2 8 2 13 15 29 39 46 50 55
7 1 8 2 14 17 19 22 29 44 51
7 0 8 2 16 18 41 51 53 54 57
7 3 8 2 21 23 32 41 51 54 55
7 2 8 2 28 32 34 37 43 45 50
7 1 8 3 4 14 24 31 32 39 55
7 2 8 3 4 19 27 40 45 50 55
7 0 8 3 5 11 12 32 36 44 53
7 0 8 3 6 10 22 24 27 29 39
7 2 8 3 6 15 28 38 41 42 44
7 0 8 3 10 15 21 29 32 36 52
7 1 8 3 11 16 23 26 28 44 51
7 0 7 3 12 17 25 43 44 47
7 0 8 3 12 27 33 39 41 44 50
7 3 7 3 14 25 45 46 52 56
7 0 8 3 19 33 38 40 41 43 55
7 0 8 3 20 25 26 30 33 34 56
7 1 8 4 5 9 16 20 28 33 37
7 0 6 4 5 17 43 45 57
7 0 7 4 5 21 45 50 53 56
7 2 8 4 6 12 19 30 34 37 43
7 3 6 4 7 9 28 29 48
7 0 8 4 7 11 24 31 40 52 55
7 0 8 4 9 11 13 16 38 41 42
7 0 8 4 9 12 19 20 35 36 42
7 1 8 4 10 12 18 25 28 29 54
7 1 8 4 11 23 25 27 33 40 41
7 3 8 4 13 31 39 40 49 53 57
7 0 8 4 14 19 24 26 35 49 57
7 3 8 4 18 23 26 27 49 50 52
7 3 8 4 19 21 30 33 47 50 53
7 2 8 4 28 29 30 32 38 45 53
7 3 8 5 7 9 15 21 40 52 56
7 2 8 5 8 14 19 26 28 38 53
7 3 8 5 8 14 40 44 46 48 55
7 2 8 5 8 16 22 32 40 47 54
7 2 8 5 12 18 19 24 35 51 57
7 3 8 5 13 18 22 30 38 41 50
7 1 8 5 15 17 21 26 28 33 34
7 0 8 5 16 22 23 29 39 41 46
7 2 8 6 8 17 19 21 31 33 36
7 3 8 6 9 19 29 32 37 38 53
7 1 8 6 12 17 33 34 39 42 43
7 1 8 6 13 15 20 27 44 49 52
7 0 8 7 8 17 25 32 45 46 50
7 2 8 7 9 15 25 39 40 47 49
7 2 8 7 13 21 22 45 47 54 55
7 2 7 7 13 23 31 48 49 57
7 1 8 7 14 16 24 26 37 38 57
7 1 8 7 20 25 26 33 35 37 53
7 1 7 8 9 32 35 41 43 49
7 2 7 8 13 26 30 35 46 57
7 2 8 8 14 16 19 29 34 41 46
7 0 8 8 20 22 26 41 42 48 53
7 2 8 9 27 36 37 39 44 49 57
7 0 8 9 28 29 36 41 44 48 57
7 2 8 10 13 17 22 25 46 47 51
7 1 8 10 18 19 25 29 34 43 57
7 2 8 11 13 19 24 26 32 39 51
7 0 8 11 17 18 27 37 39 46 52
7 0 8 11 25 27 32 41 44 53 56
7 0 8 11 30 34 41 43 49 52 55
7 1 6 11 34 35 39 40 49
7 3 8 12 13 19 22 41 52 55 56
7 3 8 12 14 19 25 32 33 41 49
7 0 7 12 15 24 28 34 41 55
7 0 8 12 16 19 23 28 49 51 56
7 3 8 12 16 36 41 42 43 49 57
7 1 8 13 14 29 40 41 43 49 51
7 0 8 13 16 18 19 35 46 48 51
7 3 7 13 17 19 24 30 33 51
7 3 8 13 33 37 42 45 46 54 55
7 0 8 15 16 25 28 35 45 50 54
7 1 8 15 18 19 20 23 25 37 44
7 3 8 15 18 20 21 23 28 39 53
7 3 8 16 17 22 28 30 35 47 50
7 3 8 16 18 24 39 40 42 45 49
7 0 8 16 19 29 33 34 37 46 55
7 2 8 16 21 23 27 37 47 49 54
7 0 8 17 21 25 29 34 35 40 53
7 0 8 18 24 27 30 32 41 43 51
7 1 8 19 21 22 23 39 42 44 46
7 2 8 19 21 24 34 43 48 50 52
7 0 8 20 22 24 29 30 32 36 51
7 3 7 25 34 35 40 44 52 53
8 3 8 0 1 6 9 18 29 45 46
8 2 8 0 1 8 10 26 35 47 53
8 2 8 0 1 13 19 26 29 40 51
8 2 7 0 1 16 25 36 41 43
8 3 8 0 2 3 4 12 14 17 50
8 1 8 0 2 3 5 9 18 27 36
8 3 8 0 2 4 11 28 34 40 44
8 0 8 0 2 11 18 19 21 30 34
8 3 8 0 3 5 6 18 25 28 47
8 0 8 0 3 5 14 25 29 31 41
8 1 8 0 4 7 9 18 22 33 36
8 2 8 0 4 9 15 23 26 28 47
8 2 8 0 4 18 36 37 44 51 57
8 1 8 0 5 8 10 18 29 43 49
8 0 7 0 6 19 32 37 41 46
8 2 8 0 7 9 14 30 31 33 47
8 3 8 0 7 11 18 39 46 47 55
8 0 8 0 8 32 33 36 38 39 52
8 2 8 0 9 11 32 33 34 42 54
8 1 8 0 13 31 35 36 37 53 55
8 2 6 0 17 19 20 38 51
8 2 8 0 20 24 28 31 39 54 56
8 2 8 1 2 10 16 20 27 41 47
8 0 8 1 2 19 21 24 27 41 42
8 3 8 1 3 10 17 22 28 31 56
8 1 8 1 3 21 23 36 38 44 49
8 0 7 1 4 13 43 50 52 54
8 3 8 1 5 12 20 25 28 38 52
8 2 8 1 5 16 21 27 28 38 45
8 1 8 1 5 30 42 48 52 54 56
8 3 8 1 6 9 17 19 34 48 56
8 2 8 1 6 15 20 29 31 48 55
8 0 8 1 7 8 21 33 34 35 47
8 3 7 1 7 9 20 48 52 57
8 2 8 1 7 11 14 18 35 47 54
8 3 8 1 8 11 13 21 41 52 57
8 2 8 1 9 19 21 32 43 45 51
8 1 6 1 12 26 28 41 44
8 2 8 1 15 19 21 24 25 37 41
8 2 8 1 18 19 32 37 42 50 55
8 3 8 1 19 23 24 32 39 44 49
8 0 8 1 21 23 25 33 42 52 57
8 2 8 2 3 7 11 35 44 51 52
8 3 8 2 3 16 23 33 35 36 47
8 2 8 2 4 5 19 20 29 47 52
8 2 8 2 4 17 27 28 40 41 43
8 1 8 2 5 13 22 23 29 38 51
8 2 8 2 6 15 26 32 40 41 47
8 3 8 2 7 9 32 33 36 42 56
8 1 8 2 8 12 18 37 40 44 48
8 3 8 2 9 16 17 26 43 48 51
8 0 8 2 10 26 34 39 45 52 57
8 1 8 2 12 31 43 45 46 49 56
8 2 8 2 13 17 24 25 28 36 49
8 0 8 2 13 19 41 44 49 53 57
8 3 8 2 19 31 39 40 46 49 52
8 1 8 3 4 5 20 29 41 44 45
8 2 8 3 4 10 27 39 41 44 51
8 3 7 3 5 8 11 19 29 51
8 1 7 3 6 8 37 46 49 56
8 3 8 3 10 13 24 25 29 32 46
8 3 8 3 10 21 22 38 44 54 56
8 1 7 3 12 31 35 46 53 56
8 3 8 3 13 16 32 33 40 42 49
8 1 8 3 13 20 21 22 28 37 39
8 3 8 3 14 15 16 19 35 38 40
8 2 8 3 14 21 23 31 40 44 49
8 3 7 3 16 20 26 31 38 53
8 2 8 4 5 6 21 28 45 48 55
8 3 8 4 5 17 18 21 24 47 55
8 3 8 4 7 12 13 29 31 49 56
8 3 8 4 8 10 14 25 34 41 47
8 2 8 4 11 21 25 28 38 44 45
8 0 7 4 11 22 32 34 39 51
8 0 8 4 12 26 29 31 35 38 55
8 1 8 4 13 21 28 32 37 47 56
8 2 7 4 14 19 25 26 28 40
8 1 8 4 15 20 40 45 47 51 57
8 0 8 4 23 25 28 29 31 42 54
8 2 8 4 26 34 35 38 44 46 50
8 3 8 5 6 19 21 44 50 51 54
8 3 8 5 6 33 35 38 45 52 56
8 1 8 5 7 16 19 44 47 52 57
8 3 8 5 9 15 19 22 27 55 56
8 2 8 5 10 15 18 23 28 33 53
8 0 8 5 11 38 43 50 51 52 55
8 2 8 5 12 16 28 35 39 40 46
8 2 7 5 13 19 21 30 43 47
8 2 6 5 30 33 35 36 45
8 3 8 5 33 34 37 39 42 50 52
8 3 8 6 7 12 20 23 38 52 55
8 2 8 6 8 15 23 25 35 39 52
8 0 8 6 10 17 28 29 36 38 52
8 3 8 6 13 17 26 27 42 49 52
8 3 7 6 16 17 21 23 30 49
8 0 8 6 16 20 21 26 34 35 53
8 0 8 6 24 26 28 34 39 50 52
8 2 8 7 8 10 14 24 37 38 57
8 0 8 7 8 24 27 31 41 47 53
8 0 8 7 9 12 13 15 22 31 52
8 3 8 7 10 11 13 20 30 41 57
8 0 8 7 10 12 15 34 38 44 52
8 0 8 7 11 13 18 23 31 37 56
8 1 8 7 11 13 23 35 41 48 50
8 2 7 7 28 31 33 37 53 56
8 0 8 7 30 31 32 34 43 46 53
8 0 8 8 9 27 37 38 41 43 51
8 2 8 8 11 38 41 42 45 47 50
8 3 8 8 13 16 23 25 35 37 39
8 1 8 8 15 19 28 29 40 42 50
8 2 8 8 18 26 30 34 35 42 43
8 3 8 8 20 30 31 38 53 56 57
8 2 8 9 12 16 17 22 32 35 36
8 1 8 9 12 16 25 27 44 46 48
8 0 8 9 14 22 26 29 34 36 41
8 1 8 9 20 21 26 37 38 44 55
8 1 8 9 25 26 29 37 38 40 46
8 1 8 10 11 14 22 39 44 52 53
8 2 7 10 12 15 25 32 50 53
8 0 7 10 12 17 28 33 46 53
8 3 8 10 12 19 24 31 34 41 46
8 1 8 10 13 22 25 27 32 45 55
8 0 7 10 15 21 28 34 37 55
8 1 8 10 19 21 36 39 40 42 53
8 3 7 11 13 14 31 32 47 53
8 0 8 11 15 19 21 26 31 33 55
8 2 8 11 15 30 38 41 42 50 54
8 0 8 12 14 16 21 27 31 42 45
8 2 8 12 17 19 26 30 46 47 56
8 2 8 12 24 36 44 46 47 54 56
8 2 8 13 19 21 25 32 36 40 53
8 2 8 13 30 35 51 53 54 55 56
8 3 8 14 15 24 32 37 44 49 54
8 2 8 14 17 19 24 35 37 41 52
8 3 8 14 18 33 38 46 47 50 56
8 1 7 14 24 29 34 36 50 57
8 0 8 15 19 20 21 26 36 39 46
8 1 8 15 21 22 39 42 51 52 54
8 3 8 15 27 29 41 43 49 54 57
8 1 8 16 17 29 36 40 45 54 56
8 3 8 16 19 33 35 47 49 51 52
8 1 8 16 20 23 36 39 47 52 54
8 3 7 16 32 38 41 43 47 49
8 1 8 20 22 29 43 48 50 52 53
8 2 8 21 23 37 38 39 43 51 53
8 2 7 21 25 30 40 42 50 56
8 0 8 23 26 36 37 43 44 49 52
8 1 8 23 27 29 33 35 39 46 57
8 0 7 31 32 34 38 44 47 57
9 1 8 0 1 18 25 27 41 48 49
9 2 8 0 2 3 36 38 41 46 47
9 3 7 0 3 8 9 17 22 47
9 2 6 0 3 8 12 25 45
9 0 7 0 3 19 24 32 33 52
9 1 8 0 3 26 35 36 51 52 55
9 1 8 0 4 7 8 26 32 53 55
9 3 7 0 6 15 39 44 47 50
9 2 8 0 7 10 12 35 36 42 44
9 0 8 0 7 33 38 46 47 49 57
9 3 8 0 8 14 43 50 51 53 57
9 2 8 0 9 23 36 38 48 49 56
9 2 8 0 9 28 41 42 45 47 51
9 0 8 0 10 11 20 36 41 48 56
9 1 8 0 11 14 19 28 31 37 55
9 1 7 0 12 28 29 36 41 52
9 2 8 0 33 34 36 47 52 54 55
9 1 8 1 2 6 19 22 40 47 48
9 1 8 1 2 11 26 37 49 50 55
9 1 8 1 2 17 18 37 41 44 47
9 0 8 1 2 28 29 33 35 48 50
9 3 7 1 3 5 21 25 28 55
9 0 8 1 5 10 21 29 31 35 37
9 0 8 1 6 10 11 14 21 24 48
9 1 8 1 6 10 11 36 39 48 54
9 3 8 1 7 8 10 25 29 40 48
9 2 8 1 7 20 27 31 46 51 55
9 3 8 1 16 18 20 21 31 39 45
9 0 8 1 16 24 25 26 36 42 47
9 1 8 1 25 27 31 46 49 53 56
9 2 8 1 28 29 38 41 42 46 54
9 3 7 2 4 5 18 43 46 50
9 0 8 2 4 15 19 35 36 46 51
9 0 8 2 4 22 36 38 43 46 56
9 0 8 2 4 27 31 38 47 54 55
9 1 8 2 4 30 40 43 48 49 57
9 3 8 2 5 6 9 36 42 43 56
9 0 8 2 5 6 32 42 48 51 53
9 1 8 2 5 7 13 15 22 29 34
9 1 8 2 5 17 23 24 39 53 55
9 1 7 2 6 10 22 30 46 56
9 0 8 2 6 17 37 42 48 51 57
9 3 8 2 8 15 39 45 49 52 53
9 2 7 2 10 11 29 34 40 45
9 2 8 2 11 12 19 28 34 51 55
9 2 8 2 12 13 17 21 38 39 49
9 1 8 2 12 27 36 37 40 44 52
9 2 8 2 17 21 26 35 46 56 57
9 0 8 2 18 19 28 35 36 41 50
9 0 8 3 5 6 16 18 26 33 35
9 2 7 3 5 17 41 43 44 50
9 3 8 3 6 17 30 41 46 51 57
9 0 8 3 6 20 22 25 28 33 57
9 3 8 3 7 9 14 19 25 30 44
9 2 8 3 7 15 18 23 35 37 52
9 2 8 3 7 15 18 37 45 47 51
9 3 7 3 7 16 24 28 32 53
9 1 8 3 9 13 16 19 25 44 48
9 2 8 3 9 13 21 41 46 51 54
9 1 8 3 10 11 18 20 22 43 54
9 2 8 3 11 35 36 37 44 46 55
9 0 7 3 17 19 27 46 48 51
9 1 8 3 18 29 36 44 45 48 53
9 3 7 3 20 37 41 48 49 55
9 3 8 3 23 28 38 42 43 48 51
9 3 7 4 5 6 12 34 48 52
9 0 8 4 5 6 18 21 22 40 54
9 2 8 4 5 9 20 39 48 53 57
9 1 7 4 6 8 11 18 22 23
9 0 8 4 6 10 18 21 29 37 57
9 3 8 4 6 13 18 29 52 54 56
9 3 8 4 6 22 23 31 45 53 57
9 2 8 4 8 17 19 28 29 35 47
9 0 8 4 10 24 31 36 45 46 55
9 3 8 4 12 15 19 20 29 34 42
9 3 7 4 12 19 28 33 39 43
9 2 8 4 12 20 21 43 55 56 57
9 3 7 4 13 14 24 27 37 50
9 0 8 4 14 15 22 23 45 46 57
9 0 8 4 16 19 26 34 43 47 54
9 2 8 5 6 22 27 29 32 42 55
9 1 8 5 7 9 21 24 31 47 57
9 3 8 5 7 12 13 20 27 43 44
9 2 7 5 8 11 28 38 41 45
9 0 8 5 8 21 28 39 50 55 56
9 0 8 5 9 16 24 37 41 43 45
9 0 8 5 10 11 13 28 37 46 51
9 0 8 5 10 23 29 34 37 53 56
9 0 8 5 12 13 21 31 43 44 54
9 3 8 5 15 18 19 21 37 39 46
9 0 8 5 19 35 45 49 52 54 56
9 2 8 6 7 15 36 43 47 48 56
9 1 8 6 9 10 27 28 34 38 41
9 3 8 6 10 11 17 23 34 39 50
9 3 8 6 11 32 33 39 44 53 57
9 3 7 6 12 15 16 23 28 29
9 2 7 6 14 17 20 35 39 52
9 0 8 7 8 11 12 16 23 26 27
9 0 8 7 9 23 29 33 38 52 54
9 0 7 7 10 14 17 27 35 45
9 0 8 7 10 27 29 33 35 40 56
9 2 8 7 20 21 28 35 36 40 54
9 2 7 7 21 36 39 44 48 49
9 3 7 7 32 40 43 52 55 57
9 2 8 7 37 39 45 50 54 55 57
9 3 8 8 9 10 17 19 29 44 47
9 3 8 8 10 13 25 27 52 53 57
9 0 8 8 10 13 27 36 39 41 46
9 0 8 8 10 15 34 45 46 51 57
9 2 8 8 11 17 25 26 33 46 47
9 1 8 8 15 26 36 38 42 51 55
9 3 8 8 16 21 29 30 35 41 57
9 0 8 9 10 11 17 22 31 32 42
9 2 8 9 10 19 24 26 30 37 49
9 2 8 9 10 28 30 35 38 46 57
9 0 8 9 11 15 16 17 20 23 26
9 0 8 9 13 21 24 42 44 49 54
9 0 8 9 16 24 26 31 39 43 52
9 1 8 10 18 27 28 31 40 41 42
9 3 8 10 23 28 32 35 39 42 53
9 1 8 11 12 15 18 26 29 50 56
9 0 8 11 12 18 20 23 24 30 37
9 0 8 11 16 23 25 29 32 50 56
9 3 8 11 18 25 26 29 35 46 52
9 3 8 11 19 21 25 30 34 40 42
9 2 8 11 19 22 29 30 35 36 39
9 0 8 12 16 37 39 40 50 55 56
9 1 7 12 21 25 39 44 52 53
9 0 8 13 14 22 25 34 37 39 45
9 3 8 14 19 21 33 35 45 52 54
9 0 8 14 31 38 46 47 49 50 51
9 3 8 17 20 24 30 43 44 46 48
9 0 8 17 26 30 33 38 47 51 55
9 1 8 19 23 36 41 47 49 52 55
9 0 8 19 24 31 33 37 44 51 52
9 0 7 28 40 46 48 51 52 57
10 2 8 0 1 23 37 44 51 54 56
10 2 8 0 2 7 19 31 34 48 52
10 3 8 0 3 5 7 17 22 26 48
10 0 8 0 3 6 10 15 31 38 42
10 0 8 0 3 8 17 26 28 38 46
10 2 8 0 3 10 26 32 40 48 50
10 0 8 0 4 7 17 37 47 51 57
10 3 8 0 4 10 11 14 22 31 44
10 0 8 0 6 10 19 26 29 50 52
10 0 7 0 7 8 9 34 52 55
10 2 8 0 7 8 13 28 33 42 57
10 3 7 0 7 11 12 21 24 34
10 3 8 0 8 9 14 18 30 38 49
10 0 8 0 8 12 18 39 49 51 52
10 2 8 0 15 17 28 32 37 42 48
10 3 8 0 16 19 30 35 40 48 54
10 2 8 0 19 30 33 40 42 46 52
10 0 7 0 20 22 30 32 51 53
10 2 8 1 2 5 6 16 17 30 51
10 3 8 1 2 19 26 27 34 43 46
10 1 8 1 3 7 31 32 48 54 57
10 2 8 1 3 11 18 43 44 49 56
10 0 8 1 3 18 30 31 47 53 55
10 0 8 1 4 5 6 21 34 47 49
10 0 7 1 4 12 16 22 42 54
10 3 8 1 4 13 22 33 39 42 55
10 1 7 1 5 8 17 30 36 54
10 1 8 1 5 13 19 33 48 54 55
10 3 8 1 5 17 25 26 39 41 45
10 2 8 1 6 8 12 30 33 42 49
10 0 8 1 6 19 24 37 38 52 54
10 3 7 1 7 21 26 28 29 36
10 1 8 1 11 17 18 31 35 44 48
10 0 8 1 11 33 35 37 38 44 46
10 1 8 1 13 26 27 32 33 38 39
10 2 8 1 17 20 26 27 40 47 56
10 1 8 2 3 5 6 10 23 31 48
10 1 8 2 3 7 33 39 42 49 50
10 3 7 2 3 11 12 14 26 32
10 2 8 2 3 16 27 28 40 44 57
10 0 7 2 3 17 32 35 44 56
10 1 5 2 4 9 19 23
10 0 8 2 4 10 18 26 27 32 48
10 2 8 2 4 14 17 25 26 51 54
10 3 8 2 4 19 24 40 41 44 46
10 2 7 2 5 22 24 48 51 55
10 1 8 2 6 10 14 26 40 53 56
10 3 8 2 8 11 18 21 25 30 33
10 1 8 2 8 16 25 42 43 46 47
10 0 8 2 11 14 23 26 36 40 42
10 1 8 2 11 15 27 34 38 44 55
10 2 7 2 11 16 28 45 46 47
10 1 6 2 13 17 18 36 52
10 2 8 2 13 25 36 37 40 53 54
10 1 8 2 16 17 18 27 38 44 57
10 0 8 2 20 23 31 35 47 56 57
10 3 8 3 4 12 19 25 27 46 54
10 0 8 3 5 17 27 31 40 49 56
10 1 7 3 6 12 21 40 47 49
10 0 8 3 7 9 24 28 33 44 57
10 1 8 3 7 16 26 35 44 55 57
10 0 8 3 8 9 16 22 44 46 55
10 3 8 3 9 13 16 30 35 39 49
10 3 8 3 13 20 27 37 40 48 52
10 3 8 3 14 23 24 37 45 51 53
10 3 8 4 5 19 26 31 37 39 50
10 1 8 4 6 8 16 20 32 47 50
10 2 8 4 9 13 24 25 42 44 54
10 1 8 4 10 28 35 42 45 46 57
10 1 8 4 12 18 30 34 40 47 53
10 1 7 4 15 20 31 45 51 57
10 0 8 4 17 26 30 35 38 42 48
10 1 8 4 19 21 24 32 37 45 55
10 2 8 5 6 14 15 30 45 48 51
10 1 8 5 7 9 12 27 29 45 47
10 3 8 5 7 11 14 18 33 43 46
10 2 8 5 7 14 20 29 37 46 52
10 1 8 5 10 12 19 31 38 46 48
10 2 8 5 10 12 24 29 31 37 57
10 2 8 5 10 18 22 38 39 49 51
10 3 8 5 11 13 14 21 31 34 53
10 1 8 5 12 14 15 46 51 56 57
10 0 8 5 12 21 24 35 36 43 46
10 1 7 5 12 21 29 32 45 51
10 3 8 5 14 15 17 27 29 35 54
10 2 8 5 19 25 28 31 40 46 53
10 2 8 5 27 28 36 42 51 55 56
10 1 7 6 10 13 25 26 30 46
10 3 8 6 13 17 18 21 34 37 44
10 2 8 6 13 23 26 31 32 38 57
10 1 8 6 14 15 22 27 28 49 56
10 1 8 6 14 16 19 24 49 55 56
10 3 8 6 14 19 25 26 34 46 52
10 1 8 6 15 19 20 22 26 34 53
10 3 8 6 17 20 25 30 42 49 55
10 1 8 7 8 12 24 27 35 44 49
10 0 8 7 9 17 35 39 43 45 52
10 3 8 7 9 18 20 34 39 45 53
10 3 8 7 9 19 40 46 47 53 55
10 3 8 7 10 12 13 31 35 36 50
10 0 8 7 10 13 16 23 41 43 53
10 3 8 7 10 15 28 35 36 44 49
10 3 8 7 11 17 20 26 36 41 51
10 3 8 8 9 10 22 34 37 45 54
10 0 8 8 9 16 23 25 33 47 51
10 3 8 8 9 18 32 43 47 49 50
10 0 8 8 10 19 22 25 27 34 52
10 2 8 8 11 12 16 17 22 48 49
10 2 8 8 11 12 19 27 28 44 57
10 1 8 8 11 13 16 17 28 33 53
10 0 8 8 14 17 23 29 32 42 51
10 0 7 8 14 28 29 34 35 51
10 0 8 8 18 24 39 43 50 52 55
10 2 8 8 24 32 35 37 39 48 53
10 1 8 8 30 38 39 42 43 55 56
10 0 8 8 30 40 43 44 45 49 55
10 1 7 9 10 35 36 43 52 56
10 3 8 9 12 13 15 16 27 28 53
10 1 8 9 12 19 26 27 32 36 38
10 0 8 9 12 26 35 37 41 53 55
10 2 7 9 13 15 17 26 54 57
10 3 8 9 13 20 26 39 46 48 55
10 2 7 9 13 21 29 46 52 54
10 0 8 9 14 22 29 32 41 50 57
10 1 8 9 16 24 35 47 50 54 57
10 3 8 9 16 31 33 38 39 48 52
10 0 8 9 17 23 29 38 42 47 55
10 0 8 10 12 28 30 48 49 51 54
10 1 8 10 19 22 29 36 50 53 57
10 0 8 10 20 25 26 29 33 37 40
10 2 8 11 19 28 30 34 45 46 52
10 2 8 11 21 23 28 38 41 44 52
10 1 7 11 22 24 28 33 55 56
10 1 8 12 13 16 26 29 32 36 49
10 3 8 12 18 21 26 30 43 52 56
10 3 8 12 18 24 26 27 35 47 57
10 3 8 12 19 31 34 45 46 49 56
10 0 8 12 24 32 39 40 52 53 57
10 2 7 13 15 26 46 47 52 57
10 1 8 13 17 18 21 27 40 45 53
10 2 8 13 17 31 32 34 37 38 54
10 2 8 13 19 31 33 49 52 54 56
10 1 8 13 23 27 28 30 42 52 57
10 2 7 14 15 16 18 39 44 57
10 0 8 14 23 25 28 35 43 48 56
10 3 8 14 26 31 36 39 41 45 47
10 3 8 15 18 21 25 38 47 54 55
10 2 8 16 17 18 25 30 37 43 52
10 1 7 16 22 23 27 31 36 55
10 1 8 17 27 34 35 36 40 44 45
10 2 8 19 21 22 24 30 48 50 54
10 3 8 24 26 30 31 36 45 48 51
11 3 7 0 3 10 20 24 25 43
11 3 8 0 5 23 24 25 33 40 53
11 3 6 0 6 16 25 33 50
11 3 8 0 6 19 21 33 34 37 55
11 2 8 0 7 11 21 31 33 38 45
11 3 7 0 7 14 25 36 43 56
11 2 8 0 8 25 32 37 53 54 57
11 2 8 0 12 18 22 25 30 33 54
11 3 8 0 12 25 26 37 47 48 54
11 3 8 0 15 19 31 32 47 48 51
11 0 8 1 2 7 40 41 48 49 50
11 3 8 1 2 10 28 30 38 40 41
11 0 8 1 3 7 11 35 46 51 55
11 0 8 1 3 9 11 28 32 41 47
11 0 8 1 5 7 8 11 22 29 49
11 1 8 1 5 7 24 31 32 45 47
11 0 8 1 5 19 25 27 31 36 56
11 1 8 1 6 11 24 27 30 37 41
11 2 8 1 6 12 25 36 41 54 57
11 3 8 1 8 9 11 37 38 42 57
11 0 8 1 10 17 34 35 45 52 56
11 3 7 1 11 16 18 20 25 32
11 2 8 1 16 17 18 22 23 29 42
11 1 8 1 19 20 30 34 40 43 46
11 2 8 1 20 31 33 50 51 53 57
11 0 8 2 3 5 8 11 12 20 47
11 3 8 2 3 5 25 35 41 42 47
11 3 8 2 3 8 26 27 30 43 50
11 3 7 2 3 13 22 25 35 55
11 1 6 2 3 14 21 42 45
11 2 7 2 4 6 7 11 26 55
11 1 8 2 4 22 23 26 28 33 46
11 0 8 2 5 14 32 42 46 47 56
11 0 7 2 6 8 22 48 50 54
11 3 8 2 7 21 24 38 53 54 56
11 3 8 2 10 14 17 27 33 40 50
11 1 8 2 10 31 39 45 51 52 55
11 2 8 2 11 16 21 23 32 45 55
11 1 8 2 11 23 24 35 42 48 51
11 3 8 2 12 16 24 25 33 39 50
11 2 7 2 12 20 23 32 40 52
11 2 7 2 13 14 32 43 45 48
11 3 7 2 16 20 37 39 42 50
11 1 8 2 17 19 21 26 28 29 56
11 1 8 2 18 21 24 45 49 51 57
11 2 8 2 30 37 39 43 44 48 54
