# survivors of the modular cascade: family b k prime_indices...
# verify exactly with tailsearch_verify.gp; these are NOT yet solutions
0 2 7 0 6 7 18 22 28 54
0 0 7 0 13 14 29 31 39 50
0 2 6 1 2 40 47 49 57
0 2 7 1 7 13 17 19 38 51
0 0 7 1 9 13 35 39 40 54
0 3 7 1 11 24 26 29 51 57
0 3 7 1 12 16 24 28 38 47
0 3 7 2 12 20 29 32 41 57
0 3 7 2 13 22 25 39 43 48
0 1 7 2 16 32 34 37 44 57
0 1 7 3 4 9 25 39 44 48
0 3 7 3 8 13 24 28 29 53
0 0 7 4 10 20 22 30 47 48
0 0 6 7 8 22 25 32 49
0 3 7 7 10 26 36 43 47 52
0 0 7 7 11 13 26 39 44 50
0 0 7 7 11 14 28 39 51 52
0 3 7 7 13 16 19 21 37 51
0 3 7 8 9 20 21 29 41 46
0 1 7 8 18 27 31 35 42 43
0 1 6 10 14 21 24 33 36
1 0 7 0 6 10 19 50 54 57
1 1 7 0 7 14 15 17 21 42
1 3 7 1 2 7 21 27 33 35
1 0 7 1 3 33 38 42 45 48
1 2 7 1 6 23 27 32 41 45
1 2 7 1 14 27 34 35 39 50
1 3 7 2 14 37 44 48 53 56
1 0 7 2 25 31 39 41 53 55
1 3 7 3 16 18 39 42 55 57
1 3 7 4 5 13 14 36 48 57
1 1 7 4 11 17 27 47 56 57
1 1 7 5 22 25 34 41 47 52
1 1 7 6 8 18 41 45 52 53
1 2 7 6 9 14 15 30 45 48
1 1 7 6 10 16 22 24 29 51
1 0 7 6 27 33 41 48 53 55
1 0 7 7 34 37 41 42 46 53
1 0 7 8 15 22 25 41 43 47
1 3 6 9 37 40 41 46 47
1 0 7 10 17 23 27 44 53 54
1 2 7 10 18 27 32 36 51 57
1 1 7 10 22 31 39 43 49 57
1 1 4 12 30 42 54
1 1 7 18 24 26 37 41 42 44
1 3 7 23 30 31 36 38 55 57
1 1 7 26 37 40 42 44 45 55
2 3 7 0 1 2 19 33 45 52
2 1 7 0 1 19 31 49 54 55
2 0 7 0 5 11 13 33 53 56
2 1 7 1 2 4 9 13 34 37
2 3 7 1 6 9 11 12 41 46
2 3 7 1 9 13 19 26 32 44
2 3 7 1 9 25 43 44 48 56
2 2 7 4 5 10 22 38 40 47
2 3 7 4 6 9 10 22 39 42
2 3 7 5 8 9 12 23 43 44
2 3 7 6 7 19 32 46 50 53
2 3 7 6 8 9 15 43 44 50
2 0 7 6 11 30 35 50 55 56
2 0 7 6 14 23 39 42 54 57
2 1 7 8 15 18 28 40 45 52
2 1 7 8 15 23 27 28 37 53
2 0 7 9 12 38 44 45 50 52
2 1 6 9 16 28 38 49 57
2 0 7 12 22 24 30 36 43 46
2 0 7 15 22 41 45 46 54 57
2 0 7 18 23 46 51 52 53 56
2 3 7 21 26 28 29 31 32 36
3 1 7 0 2 11 25 32 36 57
