[2, 1, 1, -5, 6]
[3, 1, 1, -41, 42]
[4, 1, 0, "nsf", 1806]
[5, 5, 1, -3233828, 3270666]
[6, 79, 1, -1696210206763, 2139502893234]
[6, 139, 1, -1970196843427, 2139542141226]
[6, 149, 1, -2131270393207, 2139548682558]
[6, 169, 1, -2113783912548, 2139561765222]
[6, 179, 0, "nsf", 2139568306554]
[5, 17, 1, -3283648, 3292338]
[5, 25, 1, -3292824, 3306786]
[5, 41, 1, -3324712, 3335682]
[6, 37, 1, -271387751837, 271387751838]
[5, 55, 1, -3343878, 3360966]
[5, 61, 1, -3367032, 3371802]
[5, 65, 1, -3331364, 3379026]
[5, 67, 1, -3382637, 3382638]
[5, 71, 1, -3319087, 3389862]
[5, 73, 1, -3084972, 3393474]
[5, 83, 1, -3319183, 3411534]
[5, 95, 1, -3121094, 3433206]
[5, 101, 1, -3431332, 3444042]
[5, 107, 1, -3454877, 3454878]
[5, 125, 1, -3282236, 3487386]
[5, 127, 0, "nsf", 3490998]
[5, 143, 1, -3515894, 3519894]
[5, 145, 1, -3495636, 3523506]
[5, 167, 1, -3504766, 3563238]
[5, 173, 1, -3418664, 3574074]
[5, 181, 1, -3588521, 3588522]
[5, 187, 1, -3599357, 3599358]
[5, 191, 1, -3598574, 3606582]
[5, 193, 1, -3397824, 3610194]
[5, 197, 1, -3617417, 3617418]
[4, 5, 1, -1784, 1974]
[5, 11, 1, -742039, 783678]
[6, 61, 1, -55030100911, 55836273822]
[6, 149, 1, -50592578310, 55842543246]
[6, 193, 1, -44474932075, 55845677958]
[5, 31, 1, -791573, 791574]
[6, 73, 0, "nsf", 20214425238]
[6, 197, 1, -20217268052, 20217591534]
[5, 71, 1, -645902, 807366]
[5, 121, 1, -661704, 827106]
[5, 131, 1, -831053, 831054]
[5, 181, 1, -850793, 850794]
[5, 191, 1, -849142, 854742]
[4, 11, 1, -1778, 2226]
[5, 95, 1, -421255, 469686]
[4, 17, 1, -2348, 2478]
[5, 55, 1, -364470, 369222]
[5, 89, 1, -374177, 374178]
[5, 191, 1, -306175, 389046]
[4, 19, 1, -2561, 2562]
[5, 41, 1, -345980, 350994]
[6, 89, 1, -2774364568, 3005561622]
[5, 79, 1, -356117, 356118]
[4, 25, 1, -2813, 2814]
[5, 11, 1, -317981, 317982]
[6, 17, 1, -9192348016, 9192541638]
[7, 95, 1, -4848100827699277428, 4970754272920892862]
[7, 163, 1, -4808964996799780532, 4970754309691059414]
[6, 149, 1, -9093027476, 9196357422]
[4, 29, 1, -2981, 2982]
[5, 5, 1, -304004, 307146]
[6, 59, 1, -17438643024, 18871357386]
[6, 169, 1, -18878114597, 18878114598]
[7, 151, 1, -2108745045855136230, 2108776411987076958]
[6, 199, 0, "nsf", 18879957474]
[7, 167, 1, -1628370047951767291, 1791220087301514366]
[5, 121, 1, -302268, 319074]
[5, 179, 1, -322882, 325038]
[4, 31, 1, -2454, 3066]
[5, 65, 1, -305668, 309666]
[5, 127, 1, -315797, 315798]
[4, 37, 1, -3108, 3318]
[4, 41, 1, -2467, 3486]
[5, 163, 1, -310253, 310254]
[4, 47, 1, -3737, 3738]
[4, 55, 1, -4073, 4074]
[4, 59, 1, -4106, 4242]
[4, 61, 1, -3468, 4326]
[4, 65, 1, -4348, 4494]
[4, 67, 1, -4218, 4578]
[4, 71, 0, "nsf", 4746]
[4, 85, 1, -5124, 5334]
[4, 89, 1, -5501, 5502]
[4, 95, 1, -5753, 5754]
[4, 97, 1, -5837, 5838]
[4, 107, 1, -6257, 6258]
[4, 109, 1, -6048, 6342]
[4, 115, 1, -5455, 6594]
[4, 121, 0, "nsf", 6846]
[4, 125, 0, "nsf", 7014]
[4, 131, 1, -5834, 7266]
[4, 137, 0, "nsf", 7518]
[4, 139, 1, -7146, 7602]
[4, 149, 1, -8021, 8022]
[4, 151, 1, -6115, 8106]
[4, 155, 1, -7898, 8274]
[4, 157, 1, -8160, 8358]
[4, 169, 1, -8861, 8862]
[4, 181, 1, -6639, 9366]
[4, 185, 1, -9533, 9534]
[4, 187, 1, -9617, 9618]
[4, 191, 1, -7267, 9786]
[4, 197, 1, -9268, 10038]
[4, 199, 1, -10121, 10122]
[3, 5, 1, -65, 66]
[4, 19, 1, -1121, 1122]
[5, 37, 1, -54756, 68442]
[5, 151, 1, -66439, 75174]
[6, 175, 1, -36804006, 37511826]
[4, 29, 0, "nsf", 1254]
[5, 109, 1, -58188, 58938]
[6, 31, 0, "nsf", 31885458]
[7, 181, 1, -32796393649601, 32796393649602]
[4, 49, 1, -1392, 1518]
[5, 1, 1, -47057, 47058]
[6, 1, 1, -2097949644, 2214502422]
[7, 35, 1, -4526770827029401983, 4904021054551450854]
[7, 41, 1, -3818865393547552962, 4904021067838465386]
[7, 91, 1, -3849398863672745932, 4904021178563586486]
[7, 139, 1, -4238316526027707316, 4904021284859702742]
[7, 175, 1, -4904021278629855990, 4904021364581789934]
[7, 185, 1, -4903710044789407915, 4904021386726814154]
[6, 29, 1, -2215568908, 2215820046]
[6, 35, 1, -2195391050, 2216102394]
[7, 61, 1, -140317349986789212, 140317427310707922]
[6, 53, 0, "nsf", 2216949438]
[6, 61, 1, -2217325901, 2217325902]
[6, 65, 1, -2163428384, 2217514134]
[6, 71, 1, -2215660894, 2217796482]
[6, 79, 1, -2218172945, 2218172946]
[6, 85, 1, -2218455293, 2218455294]
[6, 89, 1, -2165285887, 2218643526]
[6, 91, 1, -2195863962, 2218737642]
[7, 61, 0, "nsf", 54096668784293586]
[6, 103, 1, -1775441886, 2219302338]
[6, 131, 1, -2200247194, 2220619962]
[6, 149, 1, -2048877115, 2221467006]
[6, 163, 1, -1757440972, 2222125818]
[6, 179, 1, -1718096148, 2222878746]
[6, 193, 1, -1447861450, 2223537558]
[4, 79, 1, -1542, 1914]
[4, 89, 1, -1924, 2046]
[4, 119, 1, -2318, 2442]
[4, 139, 1, -2538, 2706]
[4, 149, 1, -2837, 2838]
[4, 169, 1, -2676, 3102]
[4, 199, 1, -3497, 3498]
[3, 7, 1, -77, 78]
[4, 41, 1, -1064, 1326]
[5, 191, 1, -49061, 49062]
[6, 25, 1, -12202164, 12608934]
[7, 41, 1, -5053681283298, 6359429343306]
[4, 55, 1, -1481, 1482]
[5, 113, 1, -34400, 42978]
[4, 83, 1, -1706, 1794]
[4, 125, 1, -2261, 2262]
[4, 139, 1, -2322, 2418]
[4, 181, 1, -2340, 2886]
[3, 11, 1, -82, 102]
[4, 107, 1, -1937, 1938]
[4, 151, 1, -1902, 2346]
[3, 13, 1, -113, 114]
[4, 185, 1, -2621, 2622]
[3, 17, 0, "nsf", 138]
[3, 23, 1, -173, 174]
[3, 25, 1, -156, 186]
[3, 31, 1, -221, 222]
[3, 35, 1, -245, 246]
[3, 37, 1, -228, 258]
[3, 41, 1, -281, 282]
[3, 47, 1, -317, 318]
[3, 53, 1, -304, 354]
[3, 55, 1, -365, 366]
[3, 61, 1, -360, 402]
[3, 65, 0, "nsf", 426]
[3, 67, 1, -378, 438]
[3, 73, 1, -473, 474]
[3, 77, 1, -497, 498]
[3, 83, 1, -482, 534]
[3, 91, 1, -581, 582]
[3, 95, 1, -526, 606]
[3, 97, 1, -617, 618]
[3, 101, 1, -641, 642]
[3, 103, 1, -606, 654]
[3, 107, 1, -677, 678]
[3, 121, 1, -761, 762]
[3, 125, 1, -785, 786]
[3, 131, 1, -821, 822]
[3, 133, 1, -833, 834]
[3, 143, 1, -893, 894]
[3, 145, 1, -905, 906]
[3, 151, 1, -822, 942]
[3, 157, 1, -977, 978]
[3, 161, 0, "nsf", 1002]
[3, 167, 1, -958, 1038]
[3, 173, 1, -1004, 1074]
[3, 175, 1, -1085, 1086]
[3, 185, 0, "nsf", 1146]
[3, 187, 1, -1157, 1158]
[3, 191, 1, -1181, 1182]
[3, 193, 1, -883, 1194]
[2, 3, 1, -9, 10]
[3, 11, 1, -69, 70]
[4, 51, 1, -769, 770]
[5, 97, 1, -8363, 13090]
[6, 199, 1, -1744830, 1793330]
[5, 199, 1, -14629, 14630]
[4, 73, 0, "nsf", 910]
[4, 117, 1, -1124, 1190]
[4, 139, 1, -930, 1330]
[4, 183, 1, -1609, 1610]
[3, 23, 1, -78, 110]
[4, 189, 1, -1340, 1430]
[3, 29, 1, -129, 130]
[3, 41, 1, -124, 170]
[3, 47, 1, -166, 190]
[3, 59, 0, "nsf", 230]
[3, 77, 1, -216, 290]
[3, 83, 1, -309, 310]
[3, 101, 1, -369, 370]
[3, 113, 0, "nsf", 410]
[3, 119, 1, -429, 430]
[3, 131, 1, -354, 470]
[3, 149, 1, -400, 530]
[3, 167, 0, "nsf", 590]
[3, 173, 1, -568, 610]
[3, 191, 1, -669, 670]
[2, 5, 0, "nsf", 14]
[3, 41, 1, -153, 154]
[3, 51, 1, -181, 182]
[3, 71, 1, -237, 238]
[3, 81, 1, -224, 266]
[3, 101, 1, -292, 322]
[3, 131, 0, "nsf", 406]
[3, 141, 1, -433, 434]
[3, 171, 1, -517, 518]
[3, 191, 1, -573, 574]
[2, 9, 1, -21, 22]
[3, 95, 1, -285, 286]
[3, 131, 0, "nsf", 374]
[3, 149, 1, -417, 418]
[3, 185, 1, -396, 506]
[2, 11, 1, -18, 26]
[3, 161, 1, -441, 442]
[3, 183, 1, -493, 494]
[2, 15, 1, -33, 34]
[2, 17, 1, -28, 38]
[2, 21, 0, "nsf", 46]
[2, 27, 1, -57, 58]
[2, 29, 1, -48, 62]
[2, 35, 1, -58, 74]
[2, 39, 1, -81, 82]
[2, 41, 0, "nsf", 86]
[2, 45, 0, "nsf", 94]
[2, 51, 1, -90, 106]
[2, 57, 1, -117, 118]
[2, 59, 0, "nsf", 122]
[2, 65, 1, -108, 134]
[2, 69, 1, -141, 142]
[2, 71, 0, "nsf", 146]
[2, 77, 0, "nsf", 158]
[2, 81, 1, -144, 166]
[2, 87, 1, -158, 178]
[2, 95, 0, "nsf", 194]
[2, 99, 1, -201, 202]
[2, 101, 1, -135, 206]
[2, 105, 1, -213, 214]
[2, 107, 1, -178, 218]
[2, 111, 1, -198, 226]
[2, 125, 1, -208, 254]
[2, 129, 1, -236, 262]
[2, 135, 1, -273, 274]
[2, 137, 1, -228, 278]
[2, 147, 1, -297, 298]
[2, 149, 0, "nsf", 302]
[2, 155, 1, -258, 314]
[2, 161, 1, -223, 326]
[2, 165, 0, "nsf", 334]
[2, 171, 0, "nsf", 346]
[2, 177, 1, -357, 358]
[2, 179, 1, -298, 362]
[2, 189, 1, -381, 382]
[2, 191, 1, -267, 386]
[2, 195, 1, -393, 394]
[2, 197, 1, -328, 398]
