# A396915 — composite squarefree k with k'+2k a perfect square
# b-file computed to 10^6 by independent SPF sieve (Bonfioli); 251 terms
1 130
2 145
3 305
4 689
5 1745
6 1870
7 1970
8 2353
9 2930
10 3205
11 3538
12 3845
13 4069
14 5105
15 5122
16 5905
17 7093
18 7397
19 7445
20 7570
21 9074
22 9077
23 9701
24 11345
25 12130
26 12270
27 13445
28 15602
29 16642
30 17873
31 18545
32 19253
33 21205
34 21922
35 22181
36 22805
37 23330
38 25909
39 27505
40 31057
41 31429
42 31697
43 31954
44 32270
45 32645
46 34270
47 36145
48 36661
49 36818
50 39458
51 40657
52 41474
53 43570
54 44245
55 46254
56 48305
57 50354
58 50705
59 55477
60 60970
61 61538
62 62402
63 63170
64 65395
65 70561
66 74737
67 75630
68 76055
69 76270
70 77905
71 78195
72 78330
73 80945
74 81317
75 88162
76 89605
77 93554
78 95230
79 95345
80 96629
81 100542
82 102034
83 103714
84 104830
85 106994
86 107537
87 108245
88 108322
89 119522
90 123870
91 123998
92 132197
93 136837
94 137054
95 139505
96 140033
97 144030
98 146530
99 146766
100 148901
101 150805
102 154117
103 156053
104 160849
105 164770
106 168330
107 173633
108 179153
109 182705
110 183362
111 187282
112 189394
113 198001
114 199714
115 201170
116 213154
117 215130
118 227845
119 230078
120 231582
121 231730
122 234001
123 236945
124 241762
125 247530
126 248993
127 251605
128 254530
129 259057
130 260837
131 269557
132 276330
133 279230
134 282818
135 286949
136 288005
137 295634
138 297134
139 314417
140 314645
141 320129
142 322995
143 328814
144 331505
145 336242
146 336370
147 346229
148 347762
149 348805
150 350117
151 351995
152 355394
153 363730
154 364277
155 366545
156 370430
157 380874
158 385230
159 386686
160 391729
161 394995
162 402001
163 403345
164 420017
165 421457
166 422405
167 427061
168 429445
169 429749
170 438689
171 449105
172 461042
173 461845
174 465154
175 466030
176 469762
177 473470
178 491153
179 497201
180 503045
181 505873
182 521454
183 522769
184 535874
185 540053
186 541969
187 542046
188 546005
189 582194
190 582322
191 589714
192 599045
193 603970
194 621070
195 623809
196 643394
197 645845
198 661349
199 669905
200 671619
201 673889
202 685445
203 695522
204 720821
205 732737
206 735445
207 745630
208 747634
209 761534
210 761969
211 774754
212 779554
213 785237
214 788270
215 796805
216 797474
217 809234
218 811454
219 811841
220 813745
221 816853
222 821054
223 823505
224 827695
225 840495
226 854578
227 859682
228 865649
229 868130
230 868145
231 871102
232 886170
233 887295
234 893089
235 896430
236 896674
237 898417
238 914979
239 916030
240 926722
241 927589
242 928517
243 934741
244 942755
245 944962
246 949330
247 952241
248 955155
249 958670
250 966338
251 992945
